-127.000000 -2.000000 0.021198 0.000000 0.000000 0.000000 0.000000 0.000000 0.000000
-127.000000 -2.000000 0.051507 0.000000 0.000000 0.000000 0.000000 0.000000 0.000000
-120.610000 -2.000000 0.007050 0.000000 0.000000 0.000000 0.000000 0.000000 0.000000
-120.610000 -2.000000 0.035078 0.000000 0.000000 0.000000 0.000000 0.000000 0.000000
-114.220000 -2.000000 -0.008763 0.000000 0.000000 0.000000 0.000000 0.000000 0.000000
-114.220000 -2.000000 0.020048 0.000000 0.000000 0.000000 0.000000 0.000000 0.000000
-107.830000 -2.000000 -0.012092 0.000000 0.000000 0.000000 0.000000 0.000000 0.000000
-107.830000 -2.000000 0.014688 0.000000 0.000000 0.000000 0.000000 0.000000 0.000000
-101.440000 -2.000000 -0.017086 0.000000 0.000000 0.000000 0.000000 0.000000 0.000000
-101.440000 -2.000000 0.010094 0.000000 0.000000 0.000000 0.000000 0.000000 0.000000
-95.050000 -2.000000 -0.029570 0.000000 0.000000 0.000000 0.000000 0.000000 0.000000
-95.050000 -2.000000 -0.001075 0.000000 0.000000 0.000000 0.000000 0.000000 0.000000
-88.660000 -2.000000 -0.022912 0.000000 0.000000 0.000000 0.000000 0.000000 0.000000
-88.660000 -2.000000 -0.000692 0.000000 0.000000 0.000000 0.000000 0.000000 0.000000
-82.270000 -2.000000 -0.017086 0.000000 0.000000 0.000000 0.000000 0.000000 0.000000
-82.270000 -2.000000 0.005350 0.000000 0.000000 0.000000 0.000000 0.000000 0.000000
-75.880000 -2.000000 -0.010428 0.000000 0.000000 0.000000 0.000000 0.000000 0.000000
-75.880000 -2.000000 0.011476 0.000000 0.000000 0.000000 0.000000 0.000000 0.000000
-69.490000 -2.000000 0.003721 0.000000 0.000000 0.000000 0.000000 0.000000 0.000000
-69.490000 -2.000000 0.024941 0.000000 0.000000 0.000000 0.000000 0.000000 0.000000
-63.100000 -2.000000 0.025359 0.000000 0.000000 0.000000 0.000000 0.000000 0.000000
-63.100000 -2.000000 0.048228 0.000000 0.000000 0.000000 0.000000 0.000000 0.000000
-56.710000 -2.000000 0.046165 0.000000 0.000000 0.000000 0.000000 0.000000 0.000000
-56.710000 -2.000000 0.069068 0.000000 0.000000 0.000000 0.000000 0.000000 0.000000
-50.320000 -2.000000 0.064475 0.000000 0.000000 0.000000 0.000000 0.000000 0.000000
-50.320000 -2.000000 0.087078 0.000000 0.000000 0.000000 0.000000 0.000000 0.000000
-43.930000 -2.000000 0.069469 0.000000 0.000000 0.000000 0.000000 0.000000 0.000000
-43.930000 -2.000000 0.092753 0.000000 0.000000 0.000000 0.000000 0.000000 0.000000
-37.540000 -2.000000 0.065307 0.000000 0.000000 0.000000 0.000000 0.000000 0.000000
-37.540000 -2.000000 0.087344 0.000000 0.000000 0.000000 0.000000 0.000000 0.000000
-31.150000 -2.000000 0.053656 0.000000 0.000000 0.000000 0.000000 0.000000 0.000000
-31.150000 -2.000000 0.074644 0.000000 0.000000 0.000000 0.000000 0.000000 0.000000
-24.760000 -2.000000 0.038675 0.000000 0.000000 0.000000 0.000000 0.000000 0.000000
-24.760000 -2.000000 0.060329 0.000000 0.000000 0.000000 0.000000 0.000000 0.000000
-18.370000 -2.000000 0.029520 0.000000 0.000000 0.000000 0.000000 0.000000 0.000000
-18.370000 -2.000000 0.052006 0.000000 0.000000 0.000000 0.000000 0.000000 0.000000
-11.980000 -2.000000 0.031185 0.000000 0.000000 0.000000 0.000000 0.000000 0.000000
-11.980000 -2.000000 0.051607 0.000000 0.000000 0.000000 0.000000 0.000000 0.000000
-5.590000 -2.000000 0.061978 0.000000 0.000000 0.000000 0.000000 0.000000 0.000000
-5.590000 -2.000000 0.083965 0.000000 0.000000 0.000000 0.000000 0.000000 0.000000
0.800000 -2.000000 0.089443 0.000000 0.000000 0.000000 0.000000 0.000000 0.000000
0.800000 -2.000000 0.116489 0.000000 0.000000 0.000000 0.000000 0.000000 0.000000
-127.000000 4.390000 0.014540 0.000000 0.000000 0.000000 0.000000 0.000000 0.000000
-127.000000 4.390000 0.046397 0.000000 0.000000 0.000000 0.000000 0.000000 0.000000
-120.610000 4.390000 0.003721 0.000000 0.000000 0.000000 0.000000 0.000000 0.000000
-120.610000 4.390000 0.031699 0.000000 0.000000 0.000000 0.000000 0.000000 0.000000
-114.220000 4.390000 -0.012925 0.000000 0.000000 0.000000 0.000000 0.000000 0.000000
-114.220000 4.390000 0.017601 0.000000 0.000000 0.000000 0.000000 0.000000 0.000000
-107.830000 4.390000 -0.016254 0.000000 0.000000 0.000000 0.000000 0.000000 0.000000
-107.830000 4.390000 0.011059 0.000000 0.000000 0.000000 0.000000 0.000000 0.000000
-101.440000 4.390000 -0.021247 0.000000 0.000000 0.000000 0.000000 0.000000 0.000000
-101.440000 4.390000 0.005367 0.000000 0.000000 0.000000 0.000000 0.000000 0.000000
-95.050000 4.390000 -0.028737 0.000000 0.000000 0.000000 0.000000 0.000000 0.000000
-95.050000 4.390000 -0.005419 0.000000 0.000000 0.000000 0.000000 0.000000 0.000000
-88.660000 4.390000 -0.029570 0.000000 0.000000 0.000000 0.000000 0.000000 0.000000
-88.660000 4.390000 -0.007650 0.000000 0.000000 0.000000 0.000000 0.000000 0.000000
-82.270000 4.390000 -0.024576 0.000000 0.000000 0.000000 0.000000 0.000000 0.000000
-82.270000 4.390000 -0.001857 0.000000 0.000000 0.000000 0.000000 0.000000 0.000000
-75.880000 4.390000 -0.013757 0.000000 0.000000 0.000000 0.000000 0.000000 0.000000
-75.880000 4.390000 0.008879 0.000000 0.000000 0.000000 0.000000 0.000000 0.000000
-69.490000 4.390000 -0.004602 0.000000 0.000000 0.000000 0.000000 0.000000 0.000000
-69.490000 4.390000 0.017901 0.000000 0.000000 0.000000 0.000000 0.000000 0.000000
-63.100000 4.390000 0.018701 0.000000 0.000000 0.000000 0.000000 0.000000 0.000000
-63.100000 4.390000 0.043251 0.000000 0.000000 0.000000 0.000000 0.000000 0.000000
-56.710000 4.390000 0.038675 0.000000 0.000000 0.000000 0.000000 0.000000 0.000000
-56.710000 4.390000 0.063841 0.000000 0.000000 0.000000 0.000000 0.000000 0.000000
-50.320000 4.390000 0.061978 0.000000 0.000000 0.000000 0.000000 0.000000 0.000000
-50.320000 4.390000 0.083665 0.000000 0.000000 0.000000 0.000000 0.000000 0.000000
-43.930000 4.390000 0.062811 0.000000 0.000000 0.000000 0.000000 0.000000 0.000000
-43.930000 4.390000 0.086145 0.000000 0.000000 0.000000 0.000000 0.000000 0.000000
-37.540000 4.390000 0.065307 0.000000 0.000000 0.000000 0.000000 0.000000 0.000000
-37.540000 4.390000 0.085380 0.000000 0.000000 0.000000 0.000000 0.000000 0.000000
-31.150000 4.390000 0.048662 0.000000 0.000000 0.000000 0.000000 0.000000 0.000000
-31.150000 4.390000 0.073695 0.000000 0.000000 0.000000 0.000000 0.000000 0.000000
-24.760000 4.390000 0.030353 0.000000 0.000000 0.000000 0.000000 0.000000 0.000000
-24.760000 4.390000 0.053221 0.000000 0.000000 0.000000 0.000000 0.000000 0.000000
-18.370000 4.390000 0.027856 0.000000 0.000000 0.000000 0.000000 0.000000 0.000000
-18.370000 4.390000 0.051424 0.000000 0.000000 0.000000 0.000000 0.000000 0.000000
-11.980000 4.390000 0.027024 0.000000 0.000000 0.000000 0.000000 0.000000 0.000000
-11.980000 4.390000 0.048161 0.000000 0.000000 0.000000 0.000000 0.000000 0.000000
-5.590000 4.390000 0.052823 0.000000 0.000000 0.000000 0.000000 0.000000 0.000000
-5.590000 4.390000 0.076558 0.000000 0.000000 0.000000 0.000000 0.000000 0.000000
0.800000 4.390000 0.086114 0.000000 0.000000 0.000000 0.000000 0.000000 0.000000
0.800000 4.390000 0.111296 0.000000 0.000000 0.000000 0.000000 0.000000 0.000000
-127.000000 10.780000 -0.000441 0.000000 0.000000 0.000000 0.000000 0.000000 0.000000
-127.000000 10.780000 0.027638 0.000000 0.000000 0.000000 0.000000 0.000000 0.000000
-120.610000 10.780000 -0.003770 0.000000 0.000000 0.000000 0.000000 0.000000 0.000000
-120.610000 10.780000 0.025274 0.000000 0.000000 0.000000 0.000000 0.000000 0.000000
-114.220000 10.780000 0.002888 0.000000 0.000000 0.000000 0.000000 0.000000 0.000000
-114.220000 10.780000 0.029386 0.000000 0.000000 0.000000 0.000000 0.000000 0.000000
-107.830000 10.780000 -0.009596 0.000000 0.000000 0.000000 0.000000 0.000000 0.000000
-107.830000 10.780000 0.019815 0.000000 0.000000 0.000000 0.000000 0.000000 0.000000
-101.440000 10.780000 -0.019583 0.000000 0.000000 0.000000 0.000000 0.000000 0.000000
-101.440000 10.780000 0.005783 0.000000 0.000000 0.000000 0.000000 0.000000 0.000000
-95.050000 10.780000 -0.023744 0.000000 0.000000 0.000000 0.000000 0.000000 0.000000
-95.050000 10.780000 0.000107 0.000000 0.000000 0.000000 0.000000 0.000000 0.000000
-88.660000 10.780000 -0.028737 0.000000 0.000000 0.000000 0.000000 0.000000 0.000000
-88.660000 10.780000 -0.004354 0.000000 0.000000 0.000000 0.000000 0.000000 0.000000
-82.270000 10.780000 -0.027905 0.000000 0.000000 0.000000 0.000000 0.000000 0.000000
-82.270000 10.780000 -0.004287 0.000000 0.000000 0.000000 0.000000 0.000000 0.000000
-75.880000 10.780000 -0.012092 0.000000 0.000000 0.000000 0.000000 0.000000 0.000000
-75.880000 10.780000 0.008962 0.000000 0.000000 0.000000 0.000000 0.000000 0.000000
-69.490000 10.780000 -0.001273 0.000000 0.000000 0.000000 0.000000 0.000000 0.000000
-69.490000 10.780000 0.023360 0.000000 0.000000 0.000000 0.000000 0.000000 0.000000
-63.100000 10.780000 0.024527 0.000000 0.000000 0.000000 0.000000 0.000000 0.000000
-63.100000 10.780000 0.046264 0.000000 0.000000 0.000000 0.000000 0.000000 0.000000
-56.710000 10.780000 0.044501 0.000000 0.000000 0.000000 0.000000 0.000000 0.000000
-56.710000 10.780000 0.065888 0.000000 0.000000 0.000000 0.000000 0.000000 0.000000
-50.320000 10.780000 0.059481 0.000000 0.000000 0.000000 0.000000 0.000000 0.000000
-50.320000 10.780000 0.085280 0.000000 0.000000 0.000000 0.000000 0.000000 0.000000
-43.930000 10.780000 0.071133 0.000000 0.000000 0.000000 0.000000 0.000000 0.000000
-43.930000 10.780000 0.092237 0.000000 0.000000 0.000000 0.000000 0.000000 0.000000
-37.540000 10.780000 0.071133 0.000000 0.000000 0.000000 0.000000 0.000000 0.000000
-37.540000 10.780000 0.093869 0.000000 0.000000 0.000000 0.000000 0.000000 0.000000
-31.150000 10.780000 0.052823 0.000000 0.000000 0.000000 0.000000 0.000000 0.000000
-31.150000 10.780000 0.077074 0.000000 0.000000 0.000000 0.000000 0.000000 0.000000
-24.760000 10.780000 0.034514 0.000000 0.000000 0.000000 0.000000 0.000000 0.000000
-24.760000 10.780000 0.056634 0.000000 0.000000 0.000000 0.000000 0.000000 0.000000
-18.370000 10.780000 0.029520 0.000000 0.000000 0.000000 0.000000 0.000000 0.000000
-18.370000 10.780000 0.050009 0.000000 0.000000 0.000000 0.000000 0.000000 0.000000
-11.980000 10.780000 0.025359 0.000000 0.000000 0.000000 0.000000 0.000000 0.000000
-11.980000 10.780000 0.046280 0.000000 0.000000 0.000000 0.000000 0.000000 0.000000
-5.590000 10.780000 0.046165 0.000000 0.000000 0.000000 0.000000 0.000000 0.000000
-5.590000 10.780000 0.071431 0.000000 0.000000 0.000000 0.000000 0.000000 0.000000
0.800000 10.780000 0.089443 0.000000 0.000000 0.000000 0.000000 0.000000 0.000000
0.800000 10.780000 0.113743 0.000000 0.000000 0.000000 0.000000 0.000000 0.000000
-127.000000 17.170000 0.003721 0.000000 0.000000 0.000000 0.000000 0.000000 0.000000
-127.000000 17.170000 0.034462 0.000000 0.000000 0.000000 0.000000 0.000000 0.000000
-120.610000 17.170000 -0.002105 0.000000 0.000000 0.000000 0.000000 0.000000 0.000000
-120.610000 17.170000 0.027405 0.000000 0.000000 0.000000 0.000000 0.000000 0.000000
-114.220000 17.170000 -0.004602 0.000000 0.000000 0.000000 0.000000 0.000000 0.000000
-114.220000 17.170000 0.022844 0.000000 0.000000 0.000000 0.000000 0.000000 0.000000
-107.830000 17.170000 -0.007931 0.000000 0.000000 0.000000 0.000000 0.000000 0.000000
-107.830000 17.170000 0.018999 0.000000 0.000000 0.000000 0.000000 0.000000 0.000000
-101.440000 17.170000 -0.010428 0.000000 0.000000 0.000000 0.000000 0.000000 0.000000
-101.440000 17.170000 0.016619 0.000000 0.000000 0.000000 0.000000 0.000000 0.000000
-95.050000 17.170000 -0.022079 0.000000 0.000000 0.000000 0.000000 0.000000 0.000000
-95.050000 17.170000 0.001272 0.000000 0.000000 0.000000 0.000000 0.000000 0.000000
-88.660000 17.170000 -0.027905 0.000000 0.000000 0.000000 0.000000 0.000000 0.000000
-88.660000 17.170000 -0.005086 0.000000 0.000000 0.000000 0.000000 0.000000 0.000000
-82.270000 17.170000 -0.032066 0.000000 0.000000 0.000000 0.000000 0.000000 0.000000
-82.270000 17.170000 -0.005386 0.000000 0.000000 0.000000 0.000000 0.000000 0.000000
-75.880000 17.170000 -0.017086 0.000000 0.000000 0.000000 0.000000 0.000000 0.000000
-75.880000 17.170000 0.006083 0.000000 0.000000 0.000000 0.000000 0.000000 0.000000
-69.490000 17.170000 0.001224 0.000000 0.000000 0.000000 0.000000 0.000000 0.000000
-69.490000 17.170000 0.022295 0.000000 0.000000 0.000000 0.000000 0.000000 0.000000
-63.100000 17.170000 0.022862 0.000000 0.000000 0.000000 0.000000 0.000000 0.000000
-63.100000 17.170000 0.046663 0.000000 0.000000 0.000000 0.000000 0.000000 0.000000
-56.710000 17.170000 0.043669 0.000000 0.000000 0.000000 0.000000 0.000000 0.000000
-56.710000 17.170000 0.067603 0.000000 0.000000 0.000000 0.000000 0.000000 0.000000
-50.320000 17.170000 0.064475 0.000000 0.000000 0.000000 0.000000 0.000000 0.000000
-50.320000 17.170000 0.088742 0.000000 0.000000 0.000000 0.000000 0.000000 0.000000
-43.930000 17.170000 0.068636 0.000000 0.000000 0.000000 0.000000 0.000000 0.000000
-43.930000 17.170000 0.092204 0.000000 0.000000 0.000000 0.000000 0.000000 0.000000
-37.540000 17.170000 0.062811 0.000000 0.000000 0.000000 0.000000 0.000000 0.000000
-37.540000 17.170000 0.088542 0.000000 0.000000 0.000000 0.000000 0.000000 0.000000
-31.150000 17.170000 0.051159 0.000000 0.000000 0.000000 0.000000 0.000000 0.000000
-31.150000 17.170000 0.073362 0.000000 0.000000 0.000000 0.000000 0.000000 0.000000
-24.760000 17.170000 0.029520 0.000000 0.000000 0.000000 0.000000 0.000000 0.000000
-24.760000 17.170000 0.051540 0.000000 0.000000 0.000000 0.000000 0.000000 0.000000
-18.370000 17.170000 0.021198 0.000000 0.000000 0.000000 0.000000 0.000000 0.000000
-18.370000 17.170000 0.045049 0.000000 0.000000 0.000000 0.000000 0.000000 0.000000
-11.980000 17.170000 0.021198 0.000000 0.000000 0.000000 0.000000 0.000000 0.000000
-11.980000 17.170000 0.042951 0.000000 0.000000 0.000000 0.000000 0.000000 0.000000
-5.590000 17.170000 0.045333 0.000000 0.000000 0.000000 0.000000 0.000000 0.000000
-5.590000 17.170000 0.069700 0.000000 0.000000 0.000000 0.000000 0.000000 0.000000
0.800000 17.170000 0.076127 0.000000 0.000000 0.000000 0.000000 0.000000 0.000000
0.800000 17.170000 0.102291 0.000000 0.000000 0.000000 0.000000 0.000000 0.000000
-127.000000 23.560000 0.000392 0.000000 0.000000 0.000000 0.000000 0.000000 0.000000
-127.000000 23.560000 0.027954 0.000000 0.000000 0.000000 0.000000 0.000000 0.000000
-120.610000 23.560000 -0.003770 0.000000 0.000000 0.000000 0.000000 0.000000 0.000000
-120.610000 23.560000 0.023227 0.000000 0.000000 0.000000 0.000000 0.000000 0.000000
-114.220000 23.560000 -0.016254 0.000000 0.000000 0.000000 0.000000 0.000000 0.000000
-114.220000 23.560000 0.011842 0.000000 0.000000 0.000000 0.000000 0.000000 0.000000
-107.830000 23.560000 -0.018750 0.000000 0.000000 0.000000 0.000000 0.000000 0.000000
-107.830000 23.560000 0.007980 0.000000 0.000000 0.000000 0.000000 0.000000 0.000000
-101.440000 23.560000 -0.026241 0.000000 0.000000 0.000000 0.000000 0.000000 0.000000
-101.440000 23.560000 -0.000975 0.000000 0.000000 0.000000 0.000000 0.000000 0.000000
-95.050000 23.560000 -0.031234 0.000000 0.000000 0.000000 0.000000 0.000000 0.000000
-95.050000 23.560000 -0.006801 0.000000 0.000000 0.000000 0.000000 0.000000 0.000000
-88.660000 23.560000 -0.034563 0.000000 0.000000 0.000000 0.000000 0.000000 0.000000
-88.660000 23.560000 -0.011361 0.000000 0.000000 0.000000 0.000000 0.000000 0.000000
-82.270000 23.560000 -0.031234 0.000000 0.000000 0.000000 0.000000 0.000000 0.000000
-82.270000 23.560000 -0.007883 0.000000 0.000000 0.000000 0.000000 0.000000 0.000000
-75.880000 23.560000 -0.022912 0.000000 0.000000 0.000000 0.000000 0.000000 0.000000
-75.880000 23.560000 0.001106 0.000000 0.000000 0.000000 0.000000 0.000000 0.000000
-69.490000 23.560000 -0.009596 0.000000 0.000000 0.000000 0.000000 0.000000 0.000000
-69.490000 23.560000 0.016269 0.000000 0.000000 0.000000 0.000000 0.000000 0.000000
-63.100000 23.560000 0.017037 0.000000 0.000000 0.000000 0.000000 0.000000 0.000000
-63.100000 23.560000 0.038124 0.000000 0.000000 0.000000 0.000000 0.000000 0.000000
-56.710000 23.560000 0.037011 0.000000 0.000000 0.000000 0.000000 0.000000 0.000000
-56.710000 23.560000 0.058781 0.000000 0.000000 0.000000 0.000000 0.000000 0.000000
-50.320000 23.560000 0.061978 0.000000 0.000000 0.000000 0.000000 0.000000 0.000000
-50.320000 23.560000 0.084048 0.000000 0.000000 0.000000 0.000000 0.000000 0.000000
-43.930000 23.560000 0.064475 0.000000 0.000000 0.000000 0.000000 0.000000 0.000000
-43.930000 23.560000 0.088642 0.000000 0.000000 0.000000 0.000000 0.000000 0.000000
-37.540000 23.560000 0.059481 0.000000 0.000000 0.000000 0.000000 0.000000 0.000000
-37.540000 23.560000 0.083748 0.000000 0.000000 0.000000 0.000000 0.000000 0.000000
-31.150000 23.560000 0.037843 0.000000 0.000000 0.000000 0.000000 0.000000 0.000000
-31.150000 23.560000 0.063575 0.000000 0.000000 0.000000 0.000000 0.000000 0.000000
-24.760000 23.560000 0.015372 0.000000 0.000000 0.000000 0.000000 0.000000 0.000000
-24.760000 23.560000 0.038457 0.000000 0.000000 0.000000 0.000000 0.000000 0.000000
-18.370000 23.560000 0.009546 0.000000 0.000000 0.000000 0.000000 0.000000 0.000000
-18.370000 23.560000 0.032049 0.000000 0.000000 0.000000 0.000000 0.000000 0.000000
-11.980000 23.560000 0.009546 0.000000 0.000000 0.000000 0.000000 0.000000 0.000000
-11.980000 23.560000 0.033797 0.000000 0.000000 0.000000 0.000000 0.000000 0.000000
-5.590000 23.560000 0.035346 0.000000 0.000000 0.000000 0.000000 0.000000 0.000000
-5.590000 23.560000 0.058831 0.000000 0.000000 0.000000 0.000000 0.000000 0.000000
0.800000 23.560000 0.065307 0.000000 0.000000 0.000000 0.000000 0.000000 0.000000
0.800000 23.560000 0.091072 0.000000 0.000000 0.000000 0.000000 0.000000 0.000000
-127.000000 29.950000 0.003721 0.000000 0.000000 0.000000 0.000000 0.000000 0.000000
-127.000000 29.950000 0.029186 0.000000 0.000000 0.000000 0.000000 0.000000 0.000000
-120.610000 29.950000 -0.012925 0.000000 0.000000 0.000000 0.000000 0.000000 0.000000
-120.610000 29.950000 0.013706 0.000000 0.000000 0.000000 0.000000 0.000000 0.000000
-114.220000 29.950000 -0.022912 0.000000 0.000000 0.000000 0.000000 0.000000 0.000000
-114.220000 29.950000 0.004418 0.000000 0.000000 0.000000 0.000000 0.000000 0.000000
-107.830000 29.950000 -0.026241 0.000000 0.000000 0.000000 0.000000 0.000000 0.000000
-107.830000 29.950000 -0.001158 0.000000 0.000000 0.000000 0.000000 0.000000 0.000000
-101.440000 29.950000 -0.033731 0.000000 0.000000 0.000000 0.000000 0.000000 0.000000
-101.440000 29.950000 -0.009897 0.000000 0.000000 0.000000 0.000000 0.000000 0.000000
-95.050000 29.950000 -0.032066 0.000000 0.000000 0.000000 0.000000 0.000000 0.000000
-95.050000 29.950000 -0.009947 0.000000 0.000000 0.000000 0.000000 0.000000 0.000000
-88.660000 29.950000 -0.032066 0.000000 0.000000 0.000000 0.000000 0.000000 0.000000
-88.660000 29.950000 -0.009913 0.000000 0.000000 0.000000 0.000000 0.000000 0.000000
-82.270000 29.950000 -0.038724 0.000000 0.000000 0.000000 0.000000 0.000000 0.000000
-82.270000 29.950000 -0.016238 0.000000 0.000000 0.000000 0.000000 0.000000 0.000000
-75.880000 29.950000 -0.028737 0.000000 0.000000 0.000000 0.000000 0.000000 0.000000
-75.880000 29.950000 -0.005436 0.000000 0.000000 0.000000 0.000000 0.000000 0.000000
-69.490000 29.950000 -0.012925 0.000000 0.000000 0.000000 0.000000 0.000000 0.000000
-69.490000 29.950000 0.008246 0.000000 0.000000 0.000000 0.000000 0.000000 0.000000
-63.100000 29.950000 0.012043 0.000000 0.000000 0.000000 0.000000 0.000000 0.000000
-63.100000 29.950000 0.035561 0.000000 0.000000 0.000000 0.000000 0.000000 0.000000
-56.710000 29.950000 0.033682 0.000000 0.000000 0.000000 0.000000 0.000000 0.000000
-56.710000 29.950000 0.055635 0.000000 0.000000 0.000000 0.000000 0.000000 0.000000
-50.320000 29.950000 0.058649 0.000000 0.000000 0.000000 0.000000 0.000000 0.000000
-50.320000 29.950000 0.082633 0.000000 0.000000 0.000000 0.000000 0.000000 0.000000
-43.930000 29.950000 0.062811 0.000000 0.000000 0.000000 0.000000 0.000000 0.000000
-43.930000 29.950000 0.086611 0.000000 0.000000 0.000000 0.000000 0.000000 0.000000
-37.540000 29.950000 0.055320 0.000000 0.000000 0.000000 0.000000 0.000000 0.000000
-37.540000 29.950000 0.078006 0.000000 0.000000 0.000000 0.000000 0.000000 0.000000
-31.150000 29.950000 0.034514 0.000000 0.000000 0.000000 0.000000 0.000000 0.000000
-31.150000 29.950000 0.057416 0.000000 0.000000 0.000000 0.000000 0.000000 0.000000
-24.760000 29.950000 0.009546 0.000000 0.000000 0.000000 0.000000 0.000000 0.000000
-24.760000 29.950000 0.032681 0.000000 0.000000 0.000000 0.000000 0.000000 0.000000
-18.370000 29.950000 0.004553 0.000000 0.000000 0.000000 0.000000 0.000000 0.000000
-18.370000 29.950000 0.028470 0.000000 0.000000 0.000000 0.000000 0.000000 0.000000
-11.980000 29.950000 -0.000441 0.000000 0.000000 0.000000 0.000000 0.000000 0.000000
-11.980000 29.950000 0.022844 0.000000 0.000000 0.000000 0.000000 0.000000 0.000000
-5.590000 29.950000 0.030353 0.000000 0.000000 0.000000 0.000000 0.000000 0.000000
-5.590000 29.950000 0.051074 0.000000 0.000000 0.000000 0.000000 0.000000 0.000000
0.800000 29.950000 0.060314 0.000000 0.000000 0.000000 0.000000 0.000000 0.000000
0.800000 29.950000 0.082650 0.000000 0.000000 0.000000 0.000000 0.000000 0.000000
-127.000000 36.340000 -0.013757 0.000000 0.000000 0.000000 0.000000 0.000000 0.000000
-127.000000 36.340000 0.015986 0.000000 0.000000 0.000000 0.000000 0.000000 0.000000
-120.610000 36.340000 -0.018750 0.000000 0.000000 0.000000 0.000000 0.000000 0.000000
-120.610000 36.340000 0.009578 0.000000 0.000000 0.000000 0.000000 0.000000 0.000000
-114.220000 36.340000 -0.027905 0.000000 0.000000 0.000000 0.000000 0.000000 0.000000
-114.220000 36.340000 -0.001091 0.000000 0.000000 0.000000 0.000000 0.000000 0.000000
-107.830000 36.340000 -0.028737 0.000000 0.000000 0.000000 0.000000 0.000000 0.000000
-107.830000 36.340000 -0.004703 0.000000 0.000000 0.000000 0.000000 0.000000 0.000000
-101.440000 36.340000 -0.033731 0.000000 0.000000 0.000000 0.000000 0.000000 0.000000
-101.440000 36.340000 -0.007650 0.000000 0.000000 0.000000 0.000000 0.000000 0.000000
-95.050000 36.340000 -0.036228 0.000000 0.000000 0.000000 0.000000 0.000000 0.000000
-95.050000 36.340000 -0.011012 0.000000 0.000000 0.000000 0.000000 0.000000 0.000000
-88.660000 36.340000 -0.037892 0.000000 0.000000 0.000000 0.000000 0.000000 0.000000
-88.660000 36.340000 -0.013858 0.000000 0.000000 0.000000 0.000000 0.000000 0.000000
-82.270000 36.340000 -0.040389 0.000000 0.000000 0.000000 0.000000 0.000000 0.000000
-82.270000 36.340000 -0.014657 0.000000 0.000000 0.000000 0.000000 0.000000 0.000000
-75.880000 36.340000 -0.027073 0.000000 0.000000 0.000000 0.000000 0.000000 0.000000
-75.880000 36.340000 -0.002540 0.000000 0.000000 0.000000 0.000000 0.000000 0.000000
-69.490000 36.340000 -0.009596 0.000000 0.000000 0.000000 0.000000 0.000000 0.000000
-69.490000 36.340000 0.010244 0.000000 0.000000 0.000000 0.000000 0.000000 0.000000
-63.100000 36.340000 0.019533 0.000000 0.000000 0.000000 0.000000 0.000000 0.000000
-63.100000 36.340000 0.040222 0.000000 0.000000 0.000000 0.000000 0.000000 0.000000
-56.710000 36.340000 0.034514 0.000000 0.000000 0.000000 0.000000 0.000000 0.000000
-56.710000 36.340000 0.058614 0.000000 0.000000 0.000000 0.000000 0.000000 0.000000
-50.320000 36.340000 0.053656 0.000000 0.000000 0.000000 0.000000 0.000000 0.000000
-50.320000 36.340000 0.079770 0.000000 0.000000 0.000000 0.000000 0.000000 0.000000
-43.930000 36.340000 0.064475 0.000000 0.000000 0.000000 0.000000 0.000000 0.000000
-43.930000 36.340000 0.088825 0.000000 0.000000 0.000000 0.000000 0.000000 0.000000
-37.540000 36.340000 0.059481 0.000000 0.000000 0.000000 0.000000 0.000000 0.000000
-37.540000 36.340000 0.083798 0.000000 0.000000 0.000000 0.000000 0.000000 0.000000
-31.150000 36.340000 0.038675 0.000000 0.000000 0.000000 0.000000 0.000000 0.000000
-31.150000 36.340000 0.061844 0.000000 0.000000 0.000000 0.000000 0.000000 0.000000
-24.760000 36.340000 0.011211 0.000000 0.000000 0.000000 0.000000 0.000000 0.000000
-24.760000 36.340000 0.038208 0.000000 0.000000 0.000000 0.000000 0.000000 0.000000
-18.370000 36.340000 0.007882 0.000000 0.000000 0.000000 0.000000 0.000000 0.000000
-18.370000 36.340000 0.030101 0.000000 0.000000 0.000000 0.000000 0.000000 0.000000
-11.980000 36.340000 0.006217 0.000000 0.000000 0.000000 0.000000 0.000000 0.000000
-11.980000 36.340000 0.029536 0.000000 0.000000 0.000000 0.000000 0.000000 0.000000
-5.590000 36.340000 0.027856 0.000000 0.000000 0.000000 0.000000 0.000000 0.000000
-5.590000 36.340000 0.051374 0.000000 0.000000 0.000000 0.000000 0.000000 0.000000
0.800000 36.340000 0.058649 0.000000 0.000000 0.000000 0.000000 0.000000 0.000000
0.800000 36.340000 0.079970 0.000000 0.000000 0.000000 0.000000 0.000000 0.000000
-127.000000 42.730000 -0.002938 0.000000 0.000000 0.000000 0.000000 0.000000 0.000000
-127.000000 42.730000 0.023593 0.000000 0.000000 0.000000 0.000000 0.000000 0.000000
-120.610000 42.730000 -0.008763 0.000000 0.000000 0.000000 0.000000 0.000000 0.000000
-120.610000 42.730000 0.015537 0.000000 0.000000 0.000000 0.000000 0.000000 0.000000
-114.220000 42.730000 -0.017918 0.000000 0.000000 0.000000 0.000000 0.000000 0.000000
-114.220000 42.730000 0.006416 0.000000 0.000000 0.000000 0.000000 0.000000 0.000000
-107.830000 42.730000 -0.029570 0.000000 0.000000 0.000000 0.000000 0.000000 0.000000
-107.830000 42.730000 -0.001591 0.000000 0.000000 0.000000 0.000000 0.000000 0.000000
-101.440000 42.730000 -0.027905 0.000000 0.000000 0.000000 0.000000 0.000000 0.000000
-101.440000 42.730000 -0.001924 0.000000 0.000000 0.000000 0.000000 0.000000 0.000000
-95.050000 42.730000 -0.027073 0.000000 0.000000 0.000000 0.000000 0.000000 0.000000
-95.050000 42.730000 -0.003888 0.000000 0.000000 0.000000 0.000000 0.000000 0.000000
-88.660000 42.730000 -0.025408 0.000000 0.000000 0.000000 0.000000 0.000000 0.000000
-88.660000 42.730000 -0.002190 0.000000 0.000000 0.000000 0.000000 0.000000 0.000000
-82.270000 42.730000 -0.033731 0.000000 0.000000 0.000000 0.000000 0.000000 0.000000
-82.270000 42.730000 -0.009414 0.000000 0.000000 0.000000 0.000000 0.000000 0.000000
-75.880000 42.730000 -0.026241 0.000000 0.000000 0.000000 0.000000 0.000000 0.000000
-75.880000 42.730000 0.000973 0.000000 0.000000 0.000000 0.000000 0.000000 0.000000
-69.490000 42.730000 -0.010428 0.000000 0.000000 0.000000 0.000000 0.000000 0.000000
-69.490000 42.730000 0.013223 0.000000 0.000000 0.000000 0.000000 0.000000 0.000000
-63.100000 42.730000 0.017869 0.000000 0.000000 0.000000 0.000000 0.000000 0.000000
-63.100000 42.730000 0.042202 0.000000 0.000000 0.000000 0.000000 0.000000 0.000000
-56.710000 42.730000 0.039507 0.000000 0.000000 0.000000 0.000000 0.000000 0.000000
-56.710000 42.730000 0.061427 0.000000 0.000000 0.000000 0.000000 0.000000 0.000000
-50.320000 42.730000 0.057817 0.000000 0.000000 0.000000 0.000000 0.000000 0.000000
-50.320000 42.730000 0.082567 0.000000 0.000000 0.000000 0.000000 0.000000 0.000000
-43.930000 42.730000 0.070301 0.000000 0.000000 0.000000 0.000000 0.000000 0.000000
-43.930000 42.730000 0.093286 0.000000 0.000000 0.000000 0.000000 0.000000 0.000000
-37.540000 42.730000 0.067804 0.000000 0.000000 0.000000 0.000000 0.000000 0.000000
-37.540000 42.730000 0.089441 0.000000 0.000000 0.000000 0.000000 0.000000 0.000000
-31.150000 42.730000 0.042004 0.000000 0.000000 0.000000 0.000000 0.000000 0.000000
-31.150000 42.730000 0.065439 0.000000 0.000000 0.000000 0.000000 0.000000 0.000000
-24.760000 42.730000 0.016204 0.000000 0.000000 0.000000 0.000000 0.000000 0.000000
-24.760000 42.730000 0.041753 0.000000 0.000000 0.000000 0.000000 0.000000 0.000000
-18.370000 42.730000 0.017869 0.000000 0.000000 0.000000 0.000000 0.000000 0.000000
-18.370000 42.730000 0.040039 0.000000 0.000000 0.000000 0.000000 0.000000 0.000000
-11.980000 42.730000 0.009546 0.000000 0.000000 0.000000 0.000000 0.000000 0.000000
-11.980000 42.730000 0.033847 0.000000 0.000000 0.000000 0.000000 0.000000 0.000000
-5.590000 42.730000 0.035346 0.000000 0.000000 0.000000 0.000000 0.000000 0.000000
-5.590000 42.730000 0.056567 0.000000 0.000000 0.000000 0.000000 0.000000 0.000000
0.800000 42.730000 0.065307 0.000000 0.000000 0.000000 0.000000 0.000000 0.000000
0.800000 42.730000 0.087161 0.000000 0.000000 0.000000 0.000000 0.000000 0.000000
-127.000000 49.120000 0.004553 0.000000 0.000000 0.000000 0.000000 0.000000 0.000000
-127.000000 49.120000 0.029652 0.000000 0.000000 0.000000 0.000000 0.000000 0.000000
-120.610000 49.120000 -0.005434 0.000000 0.000000 0.000000 0.000000 0.000000 0.000000
-120.610000 49.120000 0.022228 0.000000 0.000000 0.000000 0.000000 0.000000 0.000000
-114.220000 49.120000 -0.007931 0.000000 0.000000 0.000000 0.000000 0.000000 0.000000
-114.220000 49.120000 0.018983 0.000000 0.000000 0.000000 0.000000 0.000000 0.000000
-107.830000 49.120000 -0.019583 0.000000 0.000000 0.000000 0.000000 0.000000 0.000000
-107.830000 49.120000 0.006565 0.000000 0.000000 0.000000 0.000000 0.000000 0.000000
-101.440000 49.120000 -0.011260 0.000000 0.000000 0.000000 0.000000 0.000000 0.000000
-101.440000 49.120000 0.008896 0.000000 0.000000 0.000000 0.000000 0.000000 0.000000
-95.050000 49.120000 -0.019583 0.000000 0.000000 0.000000 0.000000 0.000000 0.000000
-95.050000 49.120000 0.003786 0.000000 0.000000 0.000000 0.000000 0.000000 0.000000
-88.660000 49.120000 -0.017918 0.000000 0.000000 0.000000 0.000000 0.000000 0.000000
-88.660000 49.120000 0.004984 0.000000 0.000000 0.000000 0.000000 0.000000 0.000000
-82.270000 49.120000 -0.022912 0.000000 0.000000 0.000000 0.000000 0.000000 0.000000
-82.270000 49.120000 -0.000109 0.000000 0.000000 0.000000 0.000000 0.000000 0.000000
-75.880000 49.120000 -0.015421 0.000000 0.000000 0.000000 0.000000 0.000000 0.000000
-75.880000 49.120000 0.009478 0.000000 0.000000 0.000000 0.000000 0.000000 0.000000
-69.490000 49.120000 -0.000441 0.000000 0.000000 0.000000 0.000000 0.000000 0.000000
-69.490000 49.120000 0.022744 0.000000 0.000000 0.000000 0.000000 0.000000 0.000000
-63.100000 49.120000 0.022030 0.000000 0.000000 0.000000 0.000000 0.000000 0.000000
-63.100000 49.120000 0.045348 0.000000 0.000000 0.000000 0.000000 0.000000 0.000000
-56.710000 49.120000 0.042836 0.000000 0.000000 0.000000 0.000000 0.000000 0.000000
-56.710000 49.120000 0.064956 0.000000 0.000000 0.000000 0.000000 0.000000 0.000000
-50.320000 49.120000 0.061978 0.000000 0.000000 0.000000 0.000000 0.000000 0.000000
-50.320000 49.120000 0.085746 0.000000 0.000000 0.000000 0.000000 0.000000 0.000000
-43.930000 49.120000 0.069469 0.000000 0.000000 0.000000 0.000000 0.000000 0.000000
-43.930000 49.120000 0.093070 0.000000 0.000000 0.000000 0.000000 0.000000 0.000000
-37.540000 49.120000 0.062811 0.000000 0.000000 0.000000 0.000000 0.000000 0.000000
-37.540000 49.120000 0.087477 0.000000 0.000000 0.000000 0.000000 0.000000 0.000000
-31.150000 49.120000 0.046998 0.000000 0.000000 0.000000 0.000000 0.000000 0.000000
-31.150000 49.120000 0.072080 0.000000 0.000000 0.000000 0.000000 0.000000 0.000000
-24.760000 49.120000 0.025359 0.000000 0.000000 0.000000 0.000000 0.000000 0.000000
-24.760000 49.120000 0.049676 0.000000 0.000000 0.000000 0.000000 0.000000 0.000000
-18.370000 49.120000 0.018701 0.000000 0.000000 0.000000 0.000000 0.000000 0.000000
-18.370000 49.120000 0.041953 0.000000 0.000000 0.000000 0.000000 0.000000 0.000000
-11.980000 49.120000 0.022862 0.000000 0.000000 0.000000 0.000000 0.000000 0.000000
-11.980000 49.120000 0.044699 0.000000 0.000000 0.000000 0.000000 0.000000 0.000000
-5.590000 49.120000 0.043669 0.000000 0.000000 0.000000 0.000000 0.000000 0.000000
-5.590000 49.120000 0.068785 0.000000 0.000000 0.000000 0.000000 0.000000 0.000000
0.800000 49.120000 0.077791 0.000000 0.000000 0.000000 0.000000 0.000000 0.000000
0.800000 49.120000 0.101193 0.000000 0.000000 0.000000 0.000000 0.000000 0.000000
-127.000000 55.510000 0.011211 0.000000 0.000000 0.000000 0.000000 0.000000 0.000000
-127.000000 55.510000 0.036110 0.000000 0.000000 0.000000 0.000000 0.000000 0.000000
-120.610000 55.510000 0.001224 0.000000 0.000000 0.000000 0.000000 0.000000 0.000000
-120.610000 55.510000 0.028087 0.000000 0.000000 0.000000 0.000000 0.000000 0.000000
-114.220000 55.510000 -0.002938 0.000000 0.000000 0.000000 0.000000 0.000000 0.000000
-114.220000 55.510000 0.022694 0.000000 0.000000 0.000000 0.000000 0.000000 0.000000
-107.830000 55.510000 -0.018750 0.000000 0.000000 0.000000 0.000000 0.000000 0.000000
-107.830000 55.510000 0.008213 0.000000 0.000000 0.000000 0.000000 0.000000 0.000000
-101.440000 55.510000 -0.017086 0.000000 0.000000 0.000000 0.000000 0.000000 0.000000
-101.440000 55.510000 0.008147 0.000000 0.000000 0.000000 0.000000 0.000000 0.000000
-95.050000 55.510000 -0.012092 0.000000 0.000000 0.000000 0.000000 0.000000 0.000000
-95.050000 55.510000 0.012108 0.000000 0.000000 0.000000 0.000000 0.000000 0.000000
-88.660000 55.510000 -0.007931 0.000000 0.000000 0.000000 0.000000 0.000000 0.000000
-88.660000 55.510000 0.015520 0.000000 0.000000 0.000000 0.000000 0.000000 0.000000
-82.270000 55.510000 -0.011260 0.000000 0.000000 0.000000 0.000000 0.000000 0.000000
-82.270000 55.510000 0.011243 0.000000 0.000000 0.000000 0.000000 0.000000 0.000000
-75.880000 55.510000 -0.010428 0.000000 0.000000 0.000000 0.000000 0.000000 0.000000
-75.880000 55.510000 0.011742 0.000000 0.000000 0.000000 0.000000 0.000000 0.000000
-69.490000 55.510000 -0.001273 0.000000 0.000000 0.000000 0.000000 0.000000 0.000000
-69.490000 55.510000 0.021995 0.000000 0.000000 0.000000 0.000000 0.000000 0.000000
-63.100000 55.510000 0.016204 0.000000 0.000000 0.000000 0.000000 0.000000 0.000000
-63.100000 55.510000 0.041370 0.000000 0.000000 0.000000 0.000000 0.000000 0.000000
-56.710000 55.510000 0.042836 0.000000 0.000000 0.000000 0.000000 0.000000 0.000000
-56.710000 55.510000 0.064124 0.000000 0.000000 0.000000 0.000000 0.000000 0.000000
-50.320000 55.510000 0.055320 0.000000 0.000000 0.000000 0.000000 0.000000 0.000000
-50.320000 55.510000 0.080886 0.000000 0.000000 0.000000 0.000000 0.000000 0.000000
-43.930000 55.510000 0.063643 0.000000 0.000000 0.000000 0.000000 0.000000 0.000000
-43.930000 55.510000 0.087544 0.000000 0.000000 0.000000 0.000000 0.000000 0.000000
-37.540000 55.510000 0.061146 0.000000 0.000000 0.000000 0.000000 0.000000 0.000000
-37.540000 55.510000 0.087044 0.000000 0.000000 0.000000 0.000000 0.000000 0.000000
-31.150000 55.510000 0.049494 0.000000 0.000000 0.000000 0.000000 0.000000 0.000000
-31.150000 55.510000 0.073362 0.000000 0.000000 0.000000 0.000000 0.000000 0.000000
-24.760000 55.510000 0.026191 0.000000 0.000000 0.000000 0.000000 0.000000 0.000000
-24.760000 55.510000 0.049177 0.000000 0.000000 0.000000 0.000000 0.000000 0.000000
-18.370000 55.510000 0.026191 0.000000 0.000000 0.000000 0.000000 0.000000 0.000000
-18.370000 55.510000 0.046880 0.000000 0.000000 0.000000 0.000000 0.000000 0.000000
-11.980000 55.510000 0.026191 0.000000 0.000000 0.000000 0.000000 0.000000 0.000000
-11.980000 55.510000 0.045798 0.000000 0.000000 0.000000 0.000000 0.000000 0.000000
-5.590000 55.510000 0.046998 0.000000 0.000000 0.000000 0.000000 0.000000 0.000000
-5.590000 55.510000 0.069217 0.000000 0.000000 0.000000 0.000000 0.000000 0.000000
0.800000 55.510000 0.080288 0.000000 0.000000 0.000000 0.000000 0.000000 0.000000
0.800000 55.510000 0.103490 0.000000 0.000000 0.000000 0.000000 0.000000 0.000000
-127.000000 61.900000 0.011211 0.000000 0.000000 0.000000 0.000000 0.000000 0.000000
-127.000000 61.900000 0.037775 0.000000 0.000000 0.000000 0.000000 0.000000 0.000000
-120.610000 61.900000 0.004553 0.000000 0.000000 0.000000 0.000000 0.000000 0.000000
-120.610000 61.900000 0.030185 0.000000 0.000000 0.000000 0.000000 0.000000 0.000000
-114.220000 61.900000 -0.003770 0.000000 0.000000 0.000000 0.000000 0.000000 0.000000
-114.220000 61.900000 0.022545 0.000000 0.000000 0.000000 0.000000 0.000000 0.000000
-107.830000 61.900000 -0.015421 0.000000 0.000000 0.000000 0.000000 0.000000 0.000000
-107.830000 61.900000 0.008097 0.000000 0.000000 0.000000 0.000000 0.000000 0.000000
-101.440000 61.900000 -0.015421 0.000000 0.000000 0.000000 0.000000 0.000000 0.000000
-101.440000 61.900000 0.008829 0.000000 0.000000 0.000000 0.000000 0.000000 0.000000
-95.050000 61.900000 -0.010428 0.000000 0.000000 0.000000 0.000000 0.000000 0.000000
-95.050000 61.900000 0.013556 0.000000 0.000000 0.000000 0.000000 0.000000 0.000000
-88.660000 61.900000 0.012875 0.000000 0.000000 0.000000 0.000000 0.000000 0.000000
-88.660000 61.900000 0.033064 0.000000 0.000000 0.000000 0.000000 0.000000 0.000000
-82.270000 61.900000 -0.004602 0.000000 0.000000 0.000000 0.000000 0.000000 0.000000
-82.270000 61.900000 0.018184 0.000000 0.000000 0.000000 0.000000 0.000000 0.000000
-75.880000 61.900000 -0.012092 0.000000 0.000000 0.000000 0.000000 0.000000 0.000000
-75.880000 61.900000 0.010660 0.000000 0.000000 0.000000 0.000000 0.000000 0.000000
-69.490000 61.900000 0.001224 0.000000 0.000000 0.000000 0.000000 0.000000 0.000000
-69.490000 61.900000 0.024009 0.000000 0.000000 0.000000 0.000000 0.000000 0.000000
-63.100000 61.900000 0.025359 0.000000 0.000000 0.000000 0.000000 0.000000 0.000000
-63.100000 61.900000 0.047213 0.000000 0.000000 0.000000 0.000000 0.000000 0.000000
-56.710000 61.900000 0.045333 0.000000 0.000000 0.000000 0.000000 0.000000 0.000000
-56.710000 61.900000 0.066255 0.000000 0.000000 0.000000 0.000000 0.000000 0.000000
-50.320000 61.900000 0.056985 0.000000 0.000000 0.000000 0.000000 0.000000 0.000000
-50.320000 61.900000 0.080969 0.000000 0.000000 0.000000 0.000000 0.000000 0.000000
-43.930000 61.900000 0.059481 0.000000 0.000000 0.000000 0.000000 0.000000 0.000000
-43.930000 61.900000 0.080603 0.000000 0.000000 0.000000 0.000000 0.000000 0.000000
-37.540000 61.900000 0.062811 0.000000 0.000000 0.000000 0.000000 0.000000 0.000000
-37.540000 61.900000 0.084464 0.000000 0.000000 0.000000 0.000000 0.000000 0.000000
-31.150000 61.900000 0.042836 0.000000 0.000000 0.000000 0.000000 0.000000 0.000000
-31.150000 61.900000 0.068735 0.000000 0.000000 0.000000 0.000000 0.000000 0.000000
-24.760000 61.900000 0.023695 0.000000 0.000000 0.000000 0.000000 0.000000 0.000000
-24.760000 61.900000 0.048328 0.000000 0.000000 0.000000 0.000000 0.000000 0.000000
-18.370000 61.900000 0.022862 0.000000 0.000000 0.000000 0.000000 0.000000 0.000000
-18.370000 61.900000 0.044433 0.000000 0.000000 0.000000 0.000000 0.000000 0.000000
-11.980000 61.900000 0.024527 0.000000 0.000000 0.000000 0.000000 0.000000 0.000000
-11.980000 61.900000 0.047396 0.000000 0.000000 0.000000 0.000000 0.000000 0.000000
-5.590000 61.900000 0.045333 0.000000 0.000000 0.000000 0.000000 0.000000 0.000000
-5.590000 61.900000 0.068585 0.000000 0.000000 0.000000 0.000000 0.000000 0.000000
0.800000 61.900000 0.076127 0.000000 0.000000 0.000000 0.000000 0.000000 0.000000
0.800000 61.900000 0.098146 0.000000 0.000000 0.000000 0.000000 0.000000 0.000000
-127.000000 68.290000 0.002888 0.000000 0.000000 0.000000 0.000000 0.000000 0.000000
-127.000000 68.290000 0.027921 0.000000 0.000000 0.000000 0.000000 0.000000 0.000000
-120.610000 68.290000 -0.007931 0.000000 0.000000 0.000000 0.000000 0.000000 0.000000
-120.610000 68.290000 0.019848 0.000000 0.000000 0.000000 0.000000 0.000000 0.000000
-114.220000 68.290000 -0.018750 0.000000 0.000000 0.000000 0.000000 0.000000 0.000000
-114.220000 68.290000 0.006532 0.000000 0.000000 0.000000 0.000000 0.000000 0.000000
-107.830000 68.290000 -0.027905 0.000000 0.000000 0.000000 0.000000 0.000000 0.000000
-107.830000 68.290000 -0.000459 0.000000 0.000000 0.000000 0.000000 0.000000 0.000000
-101.440000 68.290000 -0.024576 0.000000 0.000000 0.000000 0.000000 0.000000 0.000000
-101.440000 68.290000 -0.001358 0.000000 0.000000 0.000000 0.000000 0.000000 0.000000
-95.050000 68.290000 -0.017918 0.000000 0.000000 0.000000 0.000000 0.000000 0.000000
-95.050000 68.290000 0.004302 0.000000 0.000000 0.000000 0.000000 0.000000 0.000000
-88.660000 68.290000 -0.009596 0.000000 0.000000 0.000000 0.000000 0.000000 0.000000
-88.660000 68.290000 0.013307 0.000000 0.000000 0.000000 0.000000 0.000000 0.000000
-82.270000 68.290000 -0.017086 0.000000 0.000000 0.000000 0.000000 0.000000 0.000000
-82.270000 68.290000 0.008346 0.000000 0.000000 0.000000 0.000000 0.000000 0.000000
-75.880000 68.290000 -0.015421 0.000000 0.000000 0.000000 0.000000 0.000000 0.000000
-75.880000 68.290000 0.007048 0.000000 0.000000 0.000000 0.000000 0.000000 0.000000
-69.490000 68.290000 -0.001273 0.000000 0.000000 0.000000 0.000000 0.000000 0.000000
-69.490000 68.290000 0.022844 0.000000 0.000000 0.000000 0.000000 0.000000 0.000000
-63.100000 68.290000 0.018701 0.000000 0.000000 0.000000 0.000000 0.000000 0.000000
-63.100000 68.290000 0.043118 0.000000 0.000000 0.000000 0.000000 0.000000 0.000000
-56.710000 68.290000 0.038675 0.000000 0.000000 0.000000 0.000000 0.000000 0.000000
-56.710000 68.290000 0.061128 0.000000 0.000000 0.000000 0.000000 0.000000 0.000000
-50.320000 68.290000 0.048662 0.000000 0.000000 0.000000 0.000000 0.000000 0.000000
-50.320000 68.290000 0.072480 0.000000 0.000000 0.000000 0.000000 0.000000 0.000000
-43.930000 68.290000 0.056152 0.000000 0.000000 0.000000 0.000000 0.000000 0.000000
-43.930000 68.290000 0.076874 0.000000 0.000000 0.000000 0.000000 0.000000 0.000000
-37.540000 68.290000 0.052823 0.000000 0.000000 0.000000 0.000000 0.000000 0.000000
-37.540000 68.290000 0.074228 0.000000 0.000000 0.000000 0.000000 0.000000 0.000000
-31.150000 68.290000 0.037843 0.000000 0.000000 0.000000 0.000000 0.000000 0.000000
-31.150000 68.290000 0.060695 0.000000 0.000000 0.000000 0.000000 0.000000 0.000000
-24.760000 68.290000 0.012875 0.000000 0.000000 0.000000 0.000000 0.000000 0.000000
-24.760000 68.290000 0.036343 0.000000 0.000000 0.000000 0.000000 0.000000 0.000000
-18.370000 68.290000 0.014540 0.000000 0.000000 0.000000 0.000000 0.000000 0.000000
-18.370000 68.290000 0.035877 0.000000 0.000000 0.000000 0.000000 0.000000 0.000000
-11.980000 68.290000 0.017869 0.000000 0.000000 0.000000 0.000000 0.000000 0.000000
-11.980000 68.290000 0.039689 0.000000 0.000000 0.000000 0.000000 0.000000 0.000000
-5.590000 68.290000 0.039507 0.000000 0.000000 0.000000 0.000000 0.000000 0.000000
-5.590000 68.290000 0.062776 0.000000 0.000000 0.000000 0.000000 0.000000 0.000000
0.800000 68.290000 0.064475 0.000000 0.000000 0.000000 0.000000 0.000000 0.000000
0.800000 68.290000 0.088376 0.000000 0.000000 0.000000 0.000000 0.000000 0.000000
-127.000000 74.680000 -0.011260 0.000000 0.000000 0.000000 0.000000 0.000000 0.000000
-127.000000 74.680000 0.013856 0.000000 0.000000 0.000000 0.000000 0.000000 0.000000
-120.610000 74.680000 -0.021247 0.000000 0.000000 0.000000 0.000000 0.000000 0.000000
-120.610000 74.680000 0.004435 0.000000 0.000000 0.000000 0.000000 0.000000 0.000000
-114.220000 74.680000 -0.032066 0.000000 0.000000 0.000000 0.000000 0.000000 0.000000
-114.220000 74.680000 -0.005353 0.000000 0.000000 0.000000 0.000000 0.000000 0.000000
-107.830000 74.680000 -0.033731 0.000000 0.000000 0.000000 0.000000 0.000000 0.000000
-107.830000 74.680000 -0.010246 0.000000 0.000000 0.000000 0.000000 0.000000 0.000000
-101.440000 74.680000 -0.037060 0.000000 0.000000 0.000000 0.000000 0.000000 0.000000
-101.440000 74.680000 -0.013492 0.000000 0.000000 0.000000 0.000000 0.000000 0.000000
-95.050000 74.680000 -0.037892 0.000000 0.000000 0.000000 0.000000 0.000000 0.000000
-95.050000 74.680000 -0.014324 0.000000 0.000000 0.000000 0.000000 0.000000 0.000000
-88.660000 74.680000 -0.032899 0.000000 0.000000 0.000000 0.000000 0.000000 0.000000
-88.660000 74.680000 -0.011694 0.000000 0.000000 0.000000 0.000000 0.000000 0.000000
-82.270000 74.680000 -0.031234 0.000000 0.000000 0.000000 0.000000 0.000000 0.000000
-82.270000 74.680000 -0.008415 0.000000 0.000000 0.000000 0.000000 0.000000 0.000000
-75.880000 74.680000 -0.027073 0.000000 0.000000 0.000000 0.000000 0.000000 0.000000
-75.880000 74.680000 -0.004454 0.000000 0.000000 0.000000 0.000000 0.000000 0.000000
-69.490000 74.680000 -0.010428 0.000000 0.000000 0.000000 0.000000 0.000000 0.000000
-69.490000 74.680000 0.013273 0.000000 0.000000 0.000000 0.000000 0.000000 0.000000
-63.100000 74.680000 0.018701 0.000000 0.000000 0.000000 0.000000 0.000000 0.000000
-63.100000 74.680000 0.041403 0.000000 0.000000 0.000000 0.000000 0.000000 0.000000
-56.710000 74.680000 0.032849 0.000000 0.000000 0.000000 0.000000 0.000000 0.000000
-56.710000 74.680000 0.056550 0.000000 0.000000 0.000000 0.000000 0.000000 0.000000
-50.320000 74.680000 0.043669 0.000000 0.000000 0.000000 0.000000 0.000000 0.000000
-50.320000 74.680000 0.065306 0.000000 0.000000 0.000000 0.000000 0.000000 0.000000
-43.930000 74.680000 0.041172 0.000000 0.000000 0.000000 0.000000 0.000000 0.000000
-43.930000 74.680000 0.064640 0.000000 0.000000 0.000000 0.000000 0.000000 0.000000
-37.540000 74.680000 0.043669 0.000000 0.000000 0.000000 0.000000 0.000000 0.000000
-37.540000 74.680000 0.064390 0.000000 0.000000 0.000000 0.000000 0.000000 0.000000
-31.150000 74.680000 0.031185 0.000000 0.000000 0.000000 0.000000 0.000000 0.000000
-31.150000 74.680000 0.052722 0.000000 0.000000 0.000000 0.000000 0.000000 0.000000
-24.760000 74.680000 0.007882 0.000000 0.000000 0.000000 0.000000 0.000000 0.000000
-24.760000 74.680000 0.030384 0.000000 0.000000 0.000000 0.000000 0.000000 0.000000
-18.370000 74.680000 0.006217 0.000000 0.000000 0.000000 0.000000 0.000000 0.000000
-18.370000 74.680000 0.030401 0.000000 0.000000 0.000000 0.000000 0.000000 0.000000
-11.980000 74.680000 0.008714 0.000000 0.000000 0.000000 0.000000 0.000000 0.000000
-11.980000 74.680000 0.031683 0.000000 0.000000 0.000000 0.000000 0.000000 0.000000
-5.590000 74.680000 0.023695 0.000000 0.000000 0.000000 0.000000 0.000000 0.000000
-5.590000 74.680000 0.048594 0.000000 0.000000 0.000000 0.000000 0.000000 0.000000
0.800000 74.680000 0.053656 0.000000 0.000000 0.000000 0.000000 0.000000 0.000000
0.800000 74.680000 0.076025 0.000000 0.000000 0.000000 0.000000 0.000000 0.000000
-127.000000 81.070000 -0.018750 0.000000 0.000000 0.000000 0.000000 0.000000 0.000000
-127.000000 81.070000 0.007814 0.000000 0.000000 0.000000 0.000000 0.000000 0.000000
-120.610000 81.070000 -0.026241 0.000000 0.000000 0.000000 0.000000 0.000000 0.000000
-120.610000 81.070000 -0.002473 0.000000 0.000000 0.000000 0.000000 0.000000 0.000000
-114.220000 81.070000 -0.039557 0.000000 0.000000 0.000000 0.000000 0.000000 0.000000
-114.220000 81.070000 -0.014541 0.000000 0.000000 0.000000 0.000000 0.000000 0.000000
-107.830000 81.070000 -0.047879 0.000000 0.000000 0.000000 0.000000 0.000000 0.000000
-107.830000 81.070000 -0.021631 0.000000 0.000000 0.000000 0.000000 0.000000 0.000000
-101.440000 81.070000 -0.042053 0.000000 0.000000 0.000000 0.000000 0.000000 0.000000
-101.440000 81.070000 -0.020400 0.000000 0.000000 0.000000 0.000000 0.000000 0.000000
-95.050000 81.070000 -0.052040 0.000000 0.000000 0.000000 0.000000 0.000000 0.000000
-95.050000 81.070000 -0.028056 0.000000 0.000000 0.000000 0.000000 0.000000 0.000000
-88.660000 81.070000 -0.047047 0.000000 0.000000 0.000000 0.000000 0.000000 0.000000
-88.660000 81.070000 -0.025310 0.000000 0.000000 0.000000 0.000000 0.000000 0.000000
-82.270000 81.070000 -0.037060 0.000000 0.000000 0.000000 0.000000 0.000000 0.000000
-82.270000 81.070000 -0.015639 0.000000 0.000000 0.000000 0.000000 0.000000 0.000000
-75.880000 81.070000 -0.029570 0.000000 0.000000 0.000000 0.000000 0.000000 0.000000
-75.880000 81.070000 -0.006817 0.000000 0.000000 0.000000 0.000000 0.000000 0.000000
-69.490000 81.070000 -0.010428 0.000000 0.000000 0.000000 0.000000 0.000000 0.000000
-69.490000 81.070000 0.010743 0.000000 0.000000 0.000000 0.000000 0.000000 0.000000
-63.100000 81.070000 0.007050 0.000000 0.000000 0.000000 0.000000 0.000000 0.000000
-63.100000 81.070000 0.029702 0.000000 0.000000 0.000000 0.000000 0.000000 0.000000
-56.710000 81.070000 0.023695 0.000000 0.000000 0.000000 0.000000 0.000000 0.000000
-56.710000 81.070000 0.047196 0.000000 0.000000 0.000000 0.000000 0.000000 0.000000
-50.320000 81.070000 0.039507 0.000000 0.000000 0.000000 0.000000 0.000000 0.000000
-50.320000 81.070000 0.062110 0.000000 0.000000 0.000000 0.000000 0.000000 0.000000
-43.930000 81.070000 0.039507 0.000000 0.000000 0.000000 0.000000 0.000000 0.000000
-43.930000 81.070000 0.061727 0.000000 0.000000 0.000000 0.000000 0.000000 0.000000
-37.540000 81.070000 0.037843 0.000000 0.000000 0.000000 0.000000 0.000000 0.000000
-37.540000 81.070000 0.059114 0.000000 0.000000 0.000000 0.000000 0.000000 0.000000
-31.150000 81.070000 0.022030 0.000000 0.000000 0.000000 0.000000 0.000000 0.000000
-31.150000 81.070000 0.046613 0.000000 0.000000 0.000000 0.000000 0.000000 0.000000
-24.760000 81.070000 0.000392 0.000000 0.000000 0.000000 0.000000 0.000000 0.000000
-24.760000 81.070000 0.024292 0.000000 0.000000 0.000000 0.000000 0.000000 0.000000
-18.370000 81.070000 -0.000441 0.000000 0.000000 0.000000 0.000000 0.000000 0.000000
-18.370000 81.070000 0.021596 0.000000 0.000000 0.000000 0.000000 0.000000 0.000000
-11.980000 81.070000 -0.000441 0.000000 0.000000 0.000000 0.000000 0.000000 0.000000
-11.980000 81.070000 0.023244 0.000000 0.000000 0.000000 0.000000 0.000000 0.000000
-5.590000 81.070000 0.022030 0.000000 0.000000 0.000000 0.000000 0.000000 0.000000
-5.590000 81.070000 0.045182 0.000000 0.000000 0.000000 0.000000 0.000000 0.000000
0.800000 81.070000 0.050327 0.000000 0.000000 0.000000 0.000000 0.000000 0.000000
0.800000 81.070000 0.072263 0.000000 0.000000 0.000000 0.000000 0.000000 0.000000
-127.000000 87.460000 -0.012925 0.000000 0.000000 0.000000 0.000000 0.000000 0.000000
-127.000000 87.460000 0.012008 0.000000 0.000000 0.000000 0.000000 0.000000 0.000000
-120.610000 87.460000 -0.024576 0.000000 0.000000 0.000000 0.000000 0.000000 0.000000
-120.610000 87.460000 0.001089 0.000000 0.000000 0.000000 0.000000 0.000000 0.000000
-114.220000 87.460000 -0.030402 0.000000 0.000000 0.000000 0.000000 0.000000 0.000000
-114.220000 87.460000 -0.005036 0.000000 0.000000 0.000000 0.000000 0.000000 0.000000
-107.830000 87.460000 -0.043718 0.000000 0.000000 0.000000 0.000000 0.000000 0.000000
-107.830000 87.460000 -0.022197 0.000000 0.000000 0.000000 0.000000 0.000000 0.000000
-101.440000 87.460000 -0.047879 0.000000 0.000000 0.000000 0.000000 0.000000 0.000000
-101.440000 87.460000 -0.024894 0.000000 0.000000 0.000000 0.000000 0.000000 0.000000
-95.050000 87.460000 -0.048711 0.000000 0.000000 0.000000 0.000000 0.000000 0.000000
-95.050000 87.460000 -0.024228 0.000000 0.000000 0.000000 0.000000 0.000000 0.000000
-88.660000 87.460000 -0.042053 0.000000 0.000000 0.000000 0.000000 0.000000 0.000000
-88.660000 87.460000 -0.021282 0.000000 0.000000 0.000000 0.000000 0.000000 0.000000
-82.270000 87.460000 -0.042886 0.000000 0.000000 0.000000 0.000000 0.000000 0.000000
-82.270000 87.460000 -0.018552 0.000000 0.000000 0.000000 0.000000 0.000000 0.000000
-75.880000 87.460000 -0.023744 0.000000 0.000000 0.000000 0.000000 0.000000 0.000000
-75.880000 87.460000 -0.000725 0.000000 0.000000 0.000000 0.000000 0.000000 0.000000
-69.490000 87.460000 -0.008763 0.000000 0.000000 0.000000 0.000000 0.000000 0.000000
-69.490000 87.460000 0.014272 0.000000 0.000000 0.000000 0.000000 0.000000 0.000000
-63.100000 87.460000 0.017869 0.000000 0.000000 0.000000 0.000000 0.000000 0.000000
-63.100000 87.460000 0.038391 0.000000 0.000000 0.000000 0.000000 0.000000 0.000000
-56.710000 87.460000 0.032017 0.000000 0.000000 0.000000 0.000000 0.000000 0.000000
-56.710000 87.460000 0.053754 0.000000 0.000000 0.000000 0.000000 0.000000 0.000000
-50.320000 87.460000 0.044501 0.000000 0.000000 0.000000 0.000000 0.000000 0.000000
-50.320000 87.460000 0.068418 0.000000 0.000000 0.000000 0.000000 0.000000 0.000000
-43.930000 87.460000 0.046998 0.000000 0.000000 0.000000 0.000000 0.000000 0.000000
-43.930000 87.460000 0.067686 0.000000 0.000000 0.000000 0.000000 0.000000 0.000000
-37.540000 87.460000 0.037843 0.000000 0.000000 0.000000 0.000000 0.000000 0.000000
-37.540000 87.460000 0.059413 0.000000 0.000000 0.000000 0.000000 0.000000 0.000000
-31.150000 87.460000 0.027024 0.000000 0.000000 0.000000 0.000000 0.000000 0.000000
-31.150000 87.460000 0.049443 0.000000 0.000000 0.000000 0.000000 0.000000 0.000000
-24.760000 87.460000 0.002888 0.000000 0.000000 0.000000 0.000000 0.000000 0.000000
-24.760000 87.460000 0.024143 0.000000 0.000000 0.000000 0.000000 0.000000 0.000000
-18.370000 87.460000 0.005385 0.000000 0.000000 0.000000 0.000000 0.000000 0.000000
-18.370000 87.460000 0.027854 0.000000 0.000000 0.000000 0.000000 0.000000 0.000000
-11.980000 87.460000 0.006217 0.000000 0.000000 0.000000 0.000000 0.000000 0.000000
-11.980000 87.460000 0.027488 0.000000 0.000000 0.000000 0.000000 0.000000 0.000000
-5.590000 87.460000 0.029520 0.000000 0.000000 0.000000 0.000000 0.000000 0.000000
-5.590000 87.460000 0.051640 0.000000 0.000000 0.000000 0.000000 0.000000 0.000000
0.800000 87.460000 0.056152 0.000000 0.000000 0.000000 0.000000 0.000000 0.000000
0.800000 87.460000 0.080070 0.000000 0.000000 0.000000 0.000000 0.000000 0.000000
-127.000000 93.850000 -0.012925 0.000000 0.000000 0.000000 0.000000 0.000000 0.000000
-127.000000 93.850000 0.010660 0.000000 0.000000 0.000000 0.000000 0.000000 0.000000
-120.610000 93.850000 -0.024576 0.000000 0.000000 0.000000 0.000000 0.000000 0.000000
-120.610000 93.850000 0.000823 0.000000 0.000000 0.000000 0.000000 0.000000 0.000000
-114.220000 93.850000 -0.032066 0.000000 0.000000 0.000000 0.000000 0.000000 0.000000
-114.220000 93.850000 -0.009131 0.000000 0.000000 0.000000 0.000000 0.000000 0.000000
-107.830000 93.850000 -0.040389 0.000000 0.000000 0.000000 0.000000 0.000000 0.000000
-107.830000 93.850000 -0.018785 0.000000 0.000000 0.000000 0.000000 0.000000 0.000000
-101.440000 93.850000 -0.042886 0.000000 0.000000 0.000000 0.000000 0.000000 0.000000
-101.440000 93.850000 -0.018336 0.000000 0.000000 0.000000 0.000000 0.000000 0.000000
-95.050000 93.850000 -0.042886 0.000000 0.000000 0.000000 0.000000 0.000000 0.000000
-95.050000 93.850000 -0.021581 0.000000 0.000000 0.000000 0.000000 0.000000 0.000000
-88.660000 93.850000 -0.043718 0.000000 0.000000 0.000000 0.000000 0.000000 0.000000
-88.660000 93.850000 -0.020500 0.000000 0.000000 0.000000 0.000000 0.000000 0.000000
-82.270000 93.850000 -0.037892 0.000000 0.000000 0.000000 0.000000 0.000000 0.000000
-82.270000 93.850000 -0.015223 0.000000 0.000000 0.000000 0.000000 0.000000 0.000000
-75.880000 93.850000 -0.023744 0.000000 0.000000 0.000000 0.000000 0.000000 0.000000
-75.880000 93.850000 -0.002024 0.000000 0.000000 0.000000 0.000000 0.000000 0.000000
-69.490000 93.850000 -0.012092 0.000000 0.000000 0.000000 0.000000 0.000000 0.000000
-69.490000 93.850000 0.011825 0.000000 0.000000 0.000000 0.000000 0.000000 0.000000
-63.100000 93.850000 0.014540 0.000000 0.000000 0.000000 0.000000 0.000000 0.000000
-63.100000 93.850000 0.036893 0.000000 0.000000 0.000000 0.000000 0.000000 0.000000
-56.710000 93.850000 0.031185 0.000000 0.000000 0.000000 0.000000 0.000000 0.000000
-56.710000 93.850000 0.055252 0.000000 0.000000 0.000000 0.000000 0.000000 0.000000
-50.320000 93.850000 0.046998 0.000000 0.000000 0.000000 0.000000 0.000000 0.000000
-50.320000 93.850000 0.069683 0.000000 0.000000 0.000000 0.000000 0.000000 0.000000
-43.930000 93.850000 0.048662 0.000000 0.000000 0.000000 0.000000 0.000000 0.000000
-43.930000 93.850000 0.069034 0.000000 0.000000 0.000000 0.000000 0.000000 0.000000
-37.540000 93.850000 0.040340 0.000000 0.000000 0.000000 0.000000 0.000000 0.000000
-37.540000 93.850000 0.062360 0.000000 0.000000 0.000000 0.000000 0.000000 0.000000
-31.150000 93.850000 0.030353 0.000000 0.000000 0.000000 0.000000 0.000000 0.000000
-31.150000 93.850000 0.053854 0.000000 0.000000 0.000000 0.000000 0.000000 0.000000
-24.760000 93.850000 0.014540 0.000000 0.000000 0.000000 0.000000 0.000000 0.000000
-24.760000 93.850000 0.034945 0.000000 0.000000 0.000000 0.000000 0.000000 0.000000
-18.370000 93.850000 0.012043 0.000000 0.000000 0.000000 0.000000 0.000000 0.000000
-18.370000 93.850000 0.033181 0.000000 0.000000 0.000000 0.000000 0.000000 0.000000
-11.980000 93.850000 0.012875 0.000000 0.000000 0.000000 0.000000 0.000000 0.000000
-11.980000 93.850000 0.034196 0.000000 0.000000 0.000000 0.000000 0.000000 0.000000
-5.590000 93.850000 0.040340 0.000000 0.000000 0.000000 0.000000 0.000000 0.000000
-5.590000 93.850000 0.059780 0.000000 0.000000 0.000000 0.000000 0.000000 0.000000
0.800000 93.850000 0.066140 0.000000 0.000000 0.000000 0.000000 0.000000 0.000000
0.800000 93.850000 0.087577 0.000000 0.000000 0.000000 0.000000 0.000000 0.000000
-127.000000 100.240000 0.006217 0.000000 0.000000 0.000000 0.000000 0.000000 0.000000
-127.000000 100.240000 0.027505 0.000000 0.000000 0.000000 0.000000 0.000000 0.000000
-120.610000 100.240000 -0.014589 0.000000 0.000000 0.000000 0.000000 0.000000 0.000000
-120.610000 100.240000 0.009994 0.000000 0.000000 0.000000 0.000000 0.000000 0.000000
-114.220000 100.240000 -0.027073 0.000000 0.000000 0.000000 0.000000 0.000000 0.000000
-114.220000 100.240000 -0.003871 0.000000 0.000000 0.000000 0.000000 0.000000 0.000000
-107.830000 100.240000 -0.035395 0.000000 0.000000 0.000000 0.000000 0.000000 0.000000
-107.830000 100.240000 -0.011361 0.000000 0.000000 0.000000 0.000000 0.000000 0.000000
-101.440000 100.240000 -0.040389 0.000000 0.000000 0.000000 0.000000 0.000000 0.000000
-101.440000 100.240000 -0.015539 0.000000 0.000000 0.000000 0.000000 0.000000 0.000000
-95.050000 100.240000 -0.039557 0.000000 0.000000 0.000000 0.000000 0.000000 0.000000
-95.050000 100.240000 -0.017287 0.000000 0.000000 0.000000 0.000000 0.000000 0.000000
-88.660000 100.240000 -0.040389 0.000000 0.000000 0.000000 0.000000 0.000000 0.000000
-88.660000 100.240000 -0.017836 0.000000 0.000000 0.000000 0.000000 0.000000 0.000000
-82.270000 100.240000 -0.030402 0.000000 0.000000 0.000000 0.000000 0.000000 0.000000
-82.270000 100.240000 -0.007749 0.000000 0.000000 0.000000 0.000000 0.000000 0.000000
-75.880000 100.240000 -0.022079 0.000000 0.000000 0.000000 0.000000 0.000000 0.000000
-75.880000 100.240000 0.000423 0.000000 0.000000 0.000000 0.000000 0.000000 0.000000
-69.490000 100.240000 -0.004602 0.000000 0.000000 0.000000 0.000000 0.000000 0.000000
-69.490000 100.240000 0.015687 0.000000 0.000000 0.000000 0.000000 0.000000 0.000000
-63.100000 100.240000 0.015372 0.000000 0.000000 0.000000 0.000000 0.000000 0.000000
-63.100000 100.240000 0.036626 0.000000 0.000000 0.000000 0.000000 0.000000 0.000000
-56.710000 100.240000 0.032849 0.000000 0.000000 0.000000 0.000000 0.000000 0.000000
-56.710000 100.240000 0.054337 0.000000 0.000000 0.000000 0.000000 0.000000 0.000000
-50.320000 100.240000 0.045333 0.000000 0.000000 0.000000 0.000000 0.000000 0.000000
-50.320000 100.240000 0.068052 0.000000 0.000000 0.000000 0.000000 0.000000 0.000000
-43.930000 100.240000 0.050327 0.000000 0.000000 0.000000 0.000000 0.000000 0.000000
-43.930000 100.240000 0.072796 0.000000 0.000000 0.000000 0.000000 0.000000 0.000000
-37.540000 100.240000 0.040340 0.000000 0.000000 0.000000 0.000000 0.000000 0.000000
-37.540000 100.240000 0.064357 0.000000 0.000000 0.000000 0.000000 0.000000 0.000000
-31.150000 100.240000 0.036178 0.000000 0.000000 0.000000 0.000000 0.000000 0.000000
-31.150000 100.240000 0.058631 0.000000 0.000000 0.000000 0.000000 0.000000 0.000000
-24.760000 100.240000 0.021198 0.000000 0.000000 0.000000 0.000000 0.000000 0.000000
-24.760000 100.240000 0.042452 0.000000 0.000000 0.000000 0.000000 0.000000 0.000000
-18.370000 100.240000 0.016204 0.000000 0.000000 0.000000 0.000000 0.000000 0.000000
-18.370000 100.240000 0.039056 0.000000 0.000000 0.000000 0.000000 0.000000 0.000000
-11.980000 100.240000 0.027024 0.000000 0.000000 0.000000 0.000000 0.000000 0.000000
-11.980000 100.240000 0.048511 0.000000 0.000000 0.000000 0.000000 0.000000 0.000000
-5.590000 100.240000 0.046998 0.000000 0.000000 0.000000 0.000000 0.000000 0.000000
-5.590000 100.240000 0.068368 0.000000 0.000000 0.000000 0.000000 0.000000 0.000000
0.800000 100.240000 0.074462 0.000000 0.000000 0.000000 0.000000 0.000000 0.000000
0.800000 100.240000 0.099295 0.000000 0.000000 0.000000 0.000000 0.000000 0.000000
-127.000000 106.630000 -0.011260 0.000000 0.000000 0.000000 0.000000 0.000000 0.000000
-127.000000 106.630000 0.011775 0.000000 0.000000 0.000000 0.000000 0.000000 0.000000
-120.610000 106.630000 -0.020415 0.000000 0.000000 0.000000 0.000000 0.000000 0.000000
-120.610000 106.630000 0.005034 0.000000 0.000000 0.000000 0.000000 0.000000 0.000000
-114.220000 106.630000 -0.026241 0.000000 0.000000 0.000000 0.000000 0.000000 0.000000
-114.220000 106.630000 -0.004354 0.000000 0.000000 0.000000 0.000000 0.000000 0.000000
-107.830000 106.630000 -0.033731 0.000000 0.000000 0.000000 0.000000 0.000000 0.000000
-107.830000 106.630000 -0.010929 0.000000 0.000000 0.000000 0.000000 0.000000 0.000000
-101.440000 106.630000 -0.036228 0.000000 0.000000 0.000000 0.000000 0.000000 0.000000
-101.440000 106.630000 -0.014907 0.000000 0.000000 0.000000 0.000000 0.000000 0.000000
-95.050000 106.630000 -0.037892 0.000000 0.000000 0.000000 0.000000 0.000000 0.000000
-95.050000 106.630000 -0.017104 0.000000 0.000000 0.000000 0.000000 0.000000 0.000000
-88.660000 106.630000 -0.044550 0.000000 0.000000 0.000000 0.000000 0.000000 0.000000
-88.660000 106.630000 -0.021864 0.000000 0.000000 0.000000 0.000000 0.000000 0.000000
-82.270000 106.630000 -0.041221 0.000000 0.000000 0.000000 0.000000 0.000000 0.000000
-82.270000 106.630000 -0.019002 0.000000 0.000000 0.000000 0.000000 0.000000 0.000000
-75.880000 106.630000 -0.027073 0.000000 0.000000 0.000000 0.000000 0.000000 0.000000
-75.880000 106.630000 -0.005203 0.000000 0.000000 0.000000 0.000000 0.000000 0.000000
-69.490000 106.630000 -0.011260 0.000000 0.000000 0.000000 0.000000 0.000000 0.000000
-69.490000 106.630000 0.009295 0.000000 0.000000 0.000000 0.000000 0.000000 0.000000
-63.100000 106.630000 0.006217 0.000000 0.000000 0.000000 0.000000 0.000000 0.000000
-63.100000 106.630000 0.030135 0.000000 0.000000 0.000000 0.000000 0.000000 0.000000
-56.710000 106.630000 0.024527 0.000000 0.000000 0.000000 0.000000 0.000000 0.000000
-56.710000 106.630000 0.046580 0.000000 0.000000 0.000000 0.000000 0.000000 0.000000
-50.320000 106.630000 0.040340 0.000000 0.000000 0.000000 0.000000 0.000000 0.000000
-50.320000 106.630000 0.064141 0.000000 0.000000 0.000000 0.000000 0.000000 0.000000
-43.930000 106.630000 0.041172 0.000000 0.000000 0.000000 0.000000 0.000000 0.000000
-43.930000 106.630000 0.062709 0.000000 0.000000 0.000000 0.000000 0.000000 0.000000
-37.540000 106.630000 0.037843 0.000000 0.000000 0.000000 0.000000 0.000000 0.000000
-37.540000 106.630000 0.060812 0.000000 0.000000 0.000000 0.000000 0.000000 0.000000
-31.150000 106.630000 0.032017 0.000000 0.000000 0.000000 0.000000 0.000000 0.000000
-31.150000 106.630000 0.054686 0.000000 0.000000 0.000000 0.000000 0.000000 0.000000
-24.760000 106.630000 0.019533 0.000000 0.000000 0.000000 0.000000 0.000000 0.000000
-24.760000 106.630000 0.042119 0.000000 0.000000 0.000000 0.000000 0.000000 0.000000
-18.370000 106.630000 0.021198 0.000000 0.000000 0.000000 0.000000 0.000000 0.000000
-18.370000 106.630000 0.042985 0.000000 0.000000 0.000000 0.000000 0.000000 0.000000
-11.980000 106.630000 0.027024 0.000000 0.000000 0.000000 0.000000 0.000000 0.000000
-11.980000 106.630000 0.046796 0.000000 0.000000 0.000000 0.000000 0.000000 0.000000
-5.590000 106.630000 0.048662 0.000000 0.000000 0.000000 0.000000 0.000000 0.000000
-5.590000 106.630000 0.070016 0.000000 0.000000 0.000000 0.000000 0.000000 0.000000
0.800000 106.630000 0.076959 0.000000 0.000000 0.000000 0.000000 0.000000 0.000000
0.800000 106.630000 0.101392 0.000000 0.000000 0.000000 0.000000 0.000000 0.000000
-127.000000 113.020000 -0.015421 0.000000 0.000000 0.000000 0.000000 0.000000 0.000000
-127.000000 113.020000 0.006266 0.000000 0.000000 0.000000 0.000000 0.000000 0.000000
-120.610000 113.020000 -0.027073 0.000000 0.000000 0.000000 0.000000 0.000000 0.000000
-120.610000 113.020000 -0.003239 0.000000 0.000000 0.000000 0.000000 0.000000 0.000000
-114.220000 113.020000 -0.028737 0.000000 0.000000 0.000000 0.000000 0.000000 0.000000
-114.220000 113.020000 -0.007749 0.000000 0.000000 0.000000 0.000000 0.000000 0.000000
-107.830000 113.020000 -0.039557 0.000000 0.000000 0.000000 0.000000 0.000000 0.000000
-107.830000 113.020000 -0.018669 0.000000 0.000000 0.000000 0.000000 0.000000 0.000000
-101.440000 113.020000 -0.040389 0.000000 0.000000 0.000000 0.000000 0.000000 0.000000
-101.440000 113.020000 -0.018302 0.000000 0.000000 0.000000 0.000000 0.000000 0.000000
-95.050000 113.020000 -0.044550 0.000000 0.000000 0.000000 0.000000 0.000000 0.000000
-95.050000 113.020000 -0.023329 0.000000 0.000000 0.000000 0.000000 0.000000 0.000000
-88.660000 113.020000 -0.052873 0.000000 0.000000 0.000000 0.000000 0.000000 0.000000
-88.660000 113.020000 -0.029305 0.000000 0.000000 0.000000 0.000000 0.000000 0.000000
-82.270000 113.020000 -0.048711 0.000000 0.000000 0.000000 0.000000 0.000000 0.000000
-82.270000 113.020000 -0.026076 0.000000 0.000000 0.000000 0.000000 0.000000 0.000000
-75.880000 113.020000 -0.039557 0.000000 0.000000 0.000000 0.000000 0.000000 0.000000
-75.880000 113.020000 -0.017370 0.000000 0.000000 0.000000 0.000000 0.000000 0.000000
-69.490000 113.020000 -0.028737 0.000000 0.000000 0.000000 0.000000 0.000000 0.000000
-69.490000 113.020000 -0.006717 0.000000 0.000000 0.000000 0.000000 0.000000 0.000000
-63.100000 113.020000 -0.001273 0.000000 0.000000 0.000000 0.000000 0.000000 0.000000
-63.100000 113.020000 0.018117 0.000000 0.000000 0.000000 0.000000 0.000000 0.000000
-56.710000 113.020000 0.014540 0.000000 0.000000 0.000000 0.000000 0.000000 0.000000
-56.710000 113.020000 0.035095 0.000000 0.000000 0.000000 0.000000 0.000000 0.000000
-50.320000 113.020000 0.027024 0.000000 0.000000 0.000000 0.000000 0.000000 0.000000
-50.320000 113.020000 0.049060 0.000000 0.000000 0.000000 0.000000 0.000000 0.000000
-43.930000 113.020000 0.028688 0.000000 0.000000 0.000000 0.000000 0.000000 0.000000
-43.930000 113.020000 0.051490 0.000000 0.000000 0.000000 0.000000 0.000000 0.000000
-37.540000 113.020000 0.032849 0.000000 0.000000 0.000000 0.000000 0.000000 0.000000
-37.540000 113.020000 0.053571 0.000000 0.000000 0.000000 0.000000 0.000000 0.000000
-31.150000 113.020000 0.028688 0.000000 0.000000 0.000000 0.000000 0.000000 0.000000
-31.150000 113.020000 0.048411 0.000000 0.000000 0.000000 0.000000 0.000000 0.000000
-24.760000 113.020000 0.012875 0.000000 0.000000 0.000000 0.000000 0.000000 0.000000
-24.760000 113.020000 0.035628 0.000000 0.000000 0.000000 0.000000 0.000000 0.000000
-18.370000 113.020000 0.017037 0.000000 0.000000 0.000000 0.000000 0.000000 0.000000
-18.370000 113.020000 0.037509 0.000000 0.000000 0.000000 0.000000 0.000000 0.000000
-11.980000 113.020000 0.022862 0.000000 0.000000 0.000000 0.000000 0.000000 0.000000
-11.980000 113.020000 0.042951 0.000000 0.000000 0.000000 0.000000 0.000000 0.000000
-5.590000 113.020000 0.040340 0.000000 0.000000 0.000000 0.000000 0.000000 0.000000
-5.590000 113.020000 0.064673 0.000000 0.000000 0.000000 0.000000 0.000000 0.000000
0.800000 113.020000 0.071133 0.000000 0.000000 0.000000 0.000000 0.000000 0.000000
0.800000 113.020000 0.093153 0.000000 0.000000 0.000000 0.000000 0.000000 0.000000
-127.000000 119.410000 -0.031234 0.000000 0.000000 0.000000 0.000000 0.000000 0.000000
-127.000000 119.410000 -0.008515 0.000000 0.000000 0.000000 0.000000 0.000000 0.000000
-120.610000 119.410000 -0.032066 0.000000 0.000000 0.000000 0.000000 0.000000 0.000000
-120.610000 119.410000 -0.010413 0.000000 0.000000 0.000000 0.000000 0.000000 0.000000
-114.220000 119.410000 -0.042886 0.000000 0.000000 0.000000 0.000000 0.000000 0.000000
-114.220000 119.410000 -0.020433 0.000000 0.000000 0.000000 0.000000 0.000000 0.000000
-107.830000 119.410000 -0.050376 0.000000 0.000000 0.000000 0.000000 0.000000 0.000000
-107.830000 119.410000 -0.026941 0.000000 0.000000 0.000000 0.000000 0.000000 0.000000
-101.440000 119.410000 -0.060363 0.000000 0.000000 0.000000 0.000000 0.000000 0.000000
-101.440000 119.410000 -0.038743 0.000000 0.000000 0.000000 0.000000 0.000000 0.000000
-95.050000 119.410000 -0.058698 0.000000 0.000000 0.000000 0.000000 0.000000 0.000000
-95.050000 119.410000 -0.037311 0.000000 0.000000 0.000000 0.000000 0.000000 0.000000
-88.660000 119.410000 -0.065357 0.000000 0.000000 0.000000 0.000000 0.000000 0.000000
-88.660000 119.410000 -0.042088 0.000000 0.000000 0.000000 0.000000 0.000000 0.000000
-82.270000 119.410000 -0.059531 0.000000 0.000000 0.000000 0.000000 0.000000 0.000000
-82.270000 119.410000 -0.037328 0.000000 0.000000 0.000000 0.000000 0.000000 0.000000
-75.880000 119.410000 -0.051208 0.000000 0.000000 0.000000 0.000000 0.000000 0.000000
-75.880000 119.410000 -0.028173 0.000000 0.000000 0.000000 0.000000 0.000000 0.000000
-69.490000 119.410000 -0.042053 0.000000 0.000000 0.000000 0.000000 0.000000 0.000000
-69.490000 119.410000 -0.019501 0.000000 0.000000 0.000000 0.000000 0.000000 0.000000
-63.100000 119.410000 -0.025408 0.000000 0.000000 0.000000 0.000000 0.000000 0.000000
-63.100000 119.410000 -0.001757 0.000000 0.000000 0.000000 0.000000 0.000000 0.000000
-56.710000 119.410000 -0.002105 0.000000 0.000000 0.000000 0.000000 0.000000 0.000000
-56.710000 119.410000 0.017351 0.000000 0.000000 0.000000 0.000000 0.000000 0.000000
-50.320000 119.410000 0.005385 0.000000 0.000000 0.000000 0.000000 0.000000 0.000000
-50.320000 119.410000 0.029136 0.000000 0.000000 0.000000 0.000000 0.000000 0.000000
-43.930000 119.410000 0.017037 0.000000 0.000000 0.000000 0.000000 0.000000 0.000000
-43.930000 119.410000 0.038507 0.000000 0.000000 0.000000 0.000000 0.000000 0.000000
-37.540000 119.410000 0.018701 0.000000 0.000000 0.000000 0.000000 0.000000 0.000000
-37.540000 119.410000 0.038807 0.000000 0.000000 0.000000 0.000000 0.000000 0.000000
-31.150000 119.410000 0.015372 0.000000 0.000000 0.000000 0.000000 0.000000 0.000000
-31.150000 119.410000 0.036759 0.000000 0.000000 0.000000 0.000000 0.000000 0.000000
-24.760000 119.410000 0.005385 0.000000 0.000000 0.000000 0.000000 0.000000 0.000000
-24.760000 119.410000 0.027804 0.000000 0.000000 0.000000 0.000000 0.000000 0.000000
-18.370000 119.410000 0.008714 0.000000 0.000000 0.000000 0.000000 0.000000 0.000000
-18.370000 119.410000 0.030867 0.000000 0.000000 0.000000 0.000000 0.000000 0.000000
-11.980000 119.410000 0.011211 0.000000 0.000000 0.000000 0.000000 0.000000 0.000000
-11.980000 119.410000 0.032681 0.000000 0.000000 0.000000 0.000000 0.000000 0.000000
-5.590000 119.410000 0.025359 0.000000 0.000000 0.000000 0.000000 0.000000 0.000000
-5.590000 119.410000 0.048328 0.000000 0.000000 0.000000 0.000000 0.000000 0.000000
0.800000 119.410000 0.053656 0.000000 0.000000 0.000000 0.000000 0.000000 0.000000
0.800000 119.410000 0.075992 0.000000 0.000000 0.000000 0.000000 0.000000 0.000000
-127.000000 125.800000 -0.031234 0.000000 0.000000 0.000000 0.000000 0.000000 0.000000
-127.000000 125.800000 -0.010096 0.000000 0.000000 0.000000 0.000000 0.000000 0.000000
-120.610000 125.800000 -0.042053 0.000000 0.000000 0.000000 0.000000 0.000000 0.000000
-120.610000 125.800000 -0.019984 0.000000 0.000000 0.000000 0.000000 0.000000 0.000000
-114.220000 125.800000 -0.049544 0.000000 0.000000 0.000000 0.000000 0.000000 0.000000
-114.220000 125.800000 -0.028190 0.000000 0.000000 0.000000 0.000000 0.000000 0.000000
-107.830000 125.800000 -0.053705 0.000000 0.000000 0.000000 0.000000 0.000000 0.000000
-107.830000 125.800000 -0.030903 0.000000 0.000000 0.000000 0.000000 0.000000 0.000000
-101.440000 125.800000 -0.062027 0.000000 0.000000 0.000000 0.000000 0.000000 0.000000
-101.440000 125.800000 -0.041472 0.000000 0.000000 0.000000 0.000000 0.000000 0.000000
-95.050000 125.800000 -0.068686 0.000000 0.000000 0.000000 0.000000 0.000000 0.000000
-95.050000 125.800000 -0.047764 0.000000 0.000000 0.000000 0.000000 0.000000 0.000000
-88.660000 125.800000 -0.062860 0.000000 0.000000 0.000000 0.000000 0.000000 0.000000
-88.660000 125.800000 -0.040174 0.000000 0.000000 0.000000 0.000000 0.000000 0.000000
-82.270000 125.800000 -0.063692 0.000000 0.000000 0.000000 0.000000 0.000000 0.000000
-82.270000 125.800000 -0.041705 0.000000 0.000000 0.000000 0.000000 0.000000 0.000000
-75.880000 125.800000 -0.061195 0.000000 0.000000 0.000000 0.000000 0.000000 0.000000
-75.880000 125.800000 -0.040008 0.000000 0.000000 0.000000 0.000000 0.000000 0.000000
-69.490000 125.800000 -0.055369 0.000000 0.000000 0.000000 0.000000 0.000000 0.000000
-69.490000 125.800000 -0.034415 0.000000 0.000000 0.000000 0.000000 0.000000 0.000000
-63.100000 125.800000 -0.037892 0.000000 0.000000 0.000000 0.000000 0.000000 0.000000
-63.100000 125.800000 -0.014358 0.000000 0.000000 0.000000 0.000000 0.000000 0.000000
-56.710000 125.800000 -0.020415 0.000000 0.000000 0.000000 0.000000 0.000000 0.000000
-56.710000 125.800000 0.000507 0.000000 0.000000 0.000000 0.000000 0.000000 0.000000
-50.320000 125.800000 -0.005434 0.000000 0.000000 0.000000 0.000000 0.000000 0.000000
-50.320000 125.800000 0.018000 0.000000 0.000000 0.000000 0.000000 0.000000 0.000000
-43.930000 125.800000 0.004553 0.000000 0.000000 0.000000 0.000000 0.000000 0.000000
-43.930000 125.800000 0.025691 0.000000 0.000000 0.000000 0.000000 0.000000 0.000000
-37.540000 125.800000 0.012043 0.000000 0.000000 0.000000 0.000000 0.000000 0.000000
-37.540000 125.800000 0.031483 0.000000 0.000000 0.000000 0.000000 0.000000 0.000000
-31.150000 125.800000 0.005385 0.000000 0.000000 0.000000 0.000000 0.000000 0.000000
-31.150000 125.800000 0.027438 0.000000 0.000000 0.000000 0.000000 0.000000 0.000000
-24.760000 125.800000 -0.002105 0.000000 0.000000 0.000000 0.000000 0.000000 0.000000
-24.760000 125.800000 0.019931 0.000000 0.000000 0.000000 0.000000 0.000000 0.000000
-18.370000 125.800000 0.001224 0.000000 0.000000 0.000000 0.000000 0.000000 0.000000
-18.370000 125.800000 0.022678 0.000000 0.000000 0.000000 0.000000 0.000000 0.000000
-11.980000 125.800000 0.000392 0.000000 0.000000 0.000000 0.000000 0.000000 0.000000
-11.980000 125.800000 0.020764 0.000000 0.000000 0.000000 0.000000 0.000000 0.000000
-5.590000 125.800000 0.019533 0.000000 0.000000 0.000000 0.000000 0.000000 0.000000
-5.590000 125.800000 0.039523 0.000000 0.000000 0.000000 0.000000 0.000000 0.000000
0.800000 125.800000 0.042836 0.000000 0.000000 0.000000 0.000000 0.000000 0.000000
0.800000 125.800000 0.065139 0.000000 0.000000 0.000000 0.000000 0.000000 0.000000
-127.000000 132.190000 -0.027073 0.000000 0.000000 0.000000 0.000000 0.000000 0.000000
-127.000000 132.190000 -0.006235 0.000000 0.000000 0.000000 0.000000 0.000000 0.000000
-120.610000 132.190000 -0.037060 0.000000 0.000000 0.000000 0.000000 0.000000 0.000000
-120.610000 132.190000 -0.013575 0.000000 0.000000 0.000000 0.000000 0.000000 0.000000
-114.220000 132.190000 -0.052873 0.000000 0.000000 0.000000 0.000000 0.000000 0.000000
-114.220000 132.190000 -0.031219 0.000000 0.000000 0.000000 0.000000 0.000000 0.000000
-107.830000 132.190000 -0.056202 0.000000 0.000000 0.000000 0.000000 0.000000 0.000000
-107.830000 132.190000 -0.034315 0.000000 0.000000 0.000000 0.000000 0.000000 0.000000
-101.440000 132.190000 -0.059531 0.000000 0.000000 0.000000 0.000000 0.000000 0.000000
-101.440000 132.190000 -0.039425 0.000000 0.000000 0.000000 0.000000 0.000000 0.000000
-95.050000 132.190000 -0.065357 0.000000 0.000000 0.000000 0.000000 0.000000 0.000000
-95.050000 132.190000 -0.045284 0.000000 0.000000 0.000000 0.000000 0.000000 0.000000
-88.660000 132.190000 -0.064524 0.000000 0.000000 0.000000 0.000000 0.000000 0.000000
-88.660000 132.190000 -0.044152 0.000000 0.000000 0.000000 0.000000 0.000000 0.000000
-82.270000 132.190000 -0.059531 0.000000 0.000000 0.000000 0.000000 0.000000 0.000000
-82.270000 132.190000 -0.040607 0.000000 0.000000 0.000000 0.000000 0.000000 0.000000
-75.880000 132.190000 -0.061195 0.000000 0.000000 0.000000 0.000000 0.000000 0.000000
-75.880000 132.190000 -0.040707 0.000000 0.000000 0.000000 0.000000 0.000000 0.000000
-69.490000 132.190000 -0.054537 0.000000 0.000000 0.000000 0.000000 0.000000 0.000000
-69.490000 132.190000 -0.033083 0.000000 0.000000 0.000000 0.000000 0.000000 0.000000
-63.100000 132.190000 -0.037060 0.000000 0.000000 0.000000 0.000000 0.000000 0.000000
-63.100000 132.190000 -0.016205 0.000000 0.000000 0.000000 0.000000 0.000000 0.000000
-56.710000 132.190000 -0.021247 0.000000 0.000000 0.000000 0.000000 0.000000 0.000000
-56.710000 132.190000 -0.001374 0.000000 0.000000 0.000000 0.000000 0.000000 0.000000
-50.320000 132.190000 -0.006267 0.000000 0.000000 0.000000 0.000000 0.000000 0.000000
-50.320000 132.190000 0.013656 0.000000 0.000000 0.000000 0.000000 0.000000 0.000000
-43.930000 132.190000 0.002888 0.000000 0.000000 0.000000 0.000000 0.000000 0.000000
-43.930000 132.190000 0.024775 0.000000 0.000000 0.000000 0.000000 0.000000 0.000000
-37.540000 132.190000 0.003721 0.000000 0.000000 0.000000 0.000000 0.000000 0.000000
-37.540000 132.190000 0.026456 0.000000 0.000000 0.000000 0.000000 0.000000 0.000000
-31.150000 132.190000 0.002056 0.000000 0.000000 0.000000 0.000000 0.000000 0.000000
-31.150000 132.190000 0.022894 0.000000 0.000000 0.000000 0.000000 0.000000 0.000000
-24.760000 132.190000 -0.007931 0.000000 0.000000 0.000000 0.000000 0.000000 0.000000
-24.760000 132.190000 0.014671 0.000000 0.000000 0.000000 0.000000 0.000000 0.000000
-18.370000 132.190000 -0.000441 0.000000 0.000000 0.000000 0.000000 0.000000 0.000000
-18.370000 132.190000 0.020264 0.000000 0.000000 0.000000 0.000000 0.000000 0.000000
-11.980000 132.190000 0.002056 0.000000 0.000000 0.000000 0.000000 0.000000 0.000000
-11.980000 132.190000 0.022794 0.000000 0.000000 0.000000 0.000000 0.000000 0.000000
-5.590000 132.190000 0.017037 0.000000 0.000000 0.000000 0.000000 0.000000 0.000000
-5.590000 132.190000 0.035844 0.000000 0.000000 0.000000 0.000000 0.000000 0.000000
0.800000 132.190000 0.037843 0.000000 0.000000 0.000000 0.000000 0.000000 0.000000
0.800000 132.190000 0.059663 0.000000 0.000000 0.000000 0.000000 0.000000 0.000000
-127.000000 138.580000 -0.032066 0.000000 0.000000 0.000000 0.000000 0.000000 0.000000
-127.000000 138.580000 -0.009364 0.000000 0.000000 0.000000 0.000000 0.000000 0.000000
-120.610000 138.580000 -0.027073 0.000000 0.000000 0.000000 0.000000 0.000000 0.000000
-120.610000 138.580000 -0.004271 0.000000 0.000000 0.000000 0.000000 0.000000 0.000000
-114.220000 138.580000 -0.038724 0.000000 0.000000 0.000000 0.000000 0.000000 0.000000
-114.220000 138.580000 -0.017803 0.000000 0.000000 0.000000 0.000000 0.000000 0.000000
-107.830000 138.580000 -0.046215 0.000000 0.000000 0.000000 0.000000 0.000000 0.000000
-107.830000 138.580000 -0.023512 0.000000 0.000000 0.000000 0.000000 0.000000 0.000000
-101.440000 138.580000 -0.052873 0.000000 0.000000 0.000000 0.000000 0.000000 0.000000
-101.440000 138.580000 -0.031252 0.000000 0.000000 0.000000 0.000000 0.000000 0.000000
-95.050000 138.580000 -0.060363 0.000000 0.000000 0.000000 0.000000 0.000000 0.000000
-95.050000 138.580000 -0.039342 0.000000 0.000000 0.000000 0.000000 0.000000 0.000000
-88.660000 138.580000 -0.061195 0.000000 0.000000 0.000000 0.000000 0.000000 0.000000
-88.660000 138.580000 -0.041256 0.000000 0.000000 0.000000 0.000000 0.000000 0.000000
-82.270000 138.580000 -0.060363 0.000000 0.000000 0.000000 0.000000 0.000000 0.000000
-82.270000 138.580000 -0.040574 0.000000 0.000000 0.000000 0.000000 0.000000 0.000000
-75.880000 138.580000 -0.058698 0.000000 0.000000 0.000000 0.000000 0.000000 0.000000
-75.880000 138.580000 -0.037078 0.000000 0.000000 0.000000 0.000000 0.000000 0.000000
-69.490000 138.580000 -0.050376 0.000000 0.000000 0.000000 0.000000 0.000000 0.000000
-69.490000 138.580000 -0.028839 0.000000 0.000000 0.000000 0.000000 0.000000 0.000000
-63.100000 138.580000 -0.028737 0.000000 0.000000 0.000000 0.000000 0.000000 0.000000
-63.100000 138.580000 -0.008532 0.000000 0.000000 0.000000 0.000000 0.000000 0.000000
-56.710000 138.580000 -0.015421 0.000000 0.000000 0.000000 0.000000 0.000000 0.000000
-56.710000 138.580000 0.005433 0.000000 0.000000 0.000000 0.000000 0.000000 0.000000
-50.320000 138.580000 -0.001273 0.000000 0.000000 0.000000 0.000000 0.000000 0.000000
-50.320000 138.580000 0.019332 0.000000 0.000000 0.000000 0.000000 0.000000 0.000000
-43.930000 138.580000 0.010379 0.000000 0.000000 0.000000 0.000000 0.000000 0.000000
-43.930000 138.580000 0.029685 0.000000 0.000000 0.000000 0.000000 0.000000 0.000000
-37.540000 138.580000 0.017037 0.000000 0.000000 0.000000 0.000000 0.000000 0.000000
-37.540000 138.580000 0.036277 0.000000 0.000000 0.000000 0.000000 0.000000 0.000000
-31.150000 138.580000 0.007050 0.000000 0.000000 0.000000 0.000000 0.000000 0.000000
-31.150000 138.580000 0.029386 0.000000 0.000000 0.000000 0.000000 0.000000 0.000000
-24.760000 138.580000 -0.002938 0.000000 0.000000 0.000000 0.000000 0.000000 0.000000
-24.760000 138.580000 0.017551 0.000000 0.000000 0.000000 0.000000 0.000000 0.000000
-18.370000 138.580000 -0.000441 0.000000 0.000000 0.000000 0.000000 0.000000 0.000000
-18.370000 138.580000 0.021612 0.000000 0.000000 0.000000 0.000000 0.000000 0.000000
-11.980000 138.580000 0.003721 0.000000 0.000000 0.000000 0.000000 0.000000 0.000000
-11.980000 138.580000 0.023710 0.000000 0.000000 0.000000 0.000000 0.000000 0.000000
-5.590000 138.580000 0.018701 0.000000 0.000000 0.000000 0.000000 0.000000 0.000000
-5.590000 138.580000 0.040155 0.000000 0.000000 0.000000 0.000000 0.000000 0.000000
0.800000 138.580000 0.042004 0.000000 0.000000 0.000000 0.000000 0.000000 0.000000
0.800000 138.580000 0.068002 0.000000 0.000000 0.000000 0.000000 0.000000 0.000000
-127.000000 144.970000 -0.026241 0.000000 0.000000 0.000000 0.000000 0.000000 0.000000
-127.000000 144.970000 0.002104 0.000000 0.000000 0.000000 0.000000 0.000000 0.000000
-120.610000 144.970000 -0.017086 0.000000 0.000000 0.000000 0.000000 0.000000 0.000000
-120.610000 144.970000 0.004135 0.000000 0.000000 0.000000 0.000000 0.000000 0.000000
-114.220000 144.970000 -0.031234 0.000000 0.000000 0.000000 0.000000 0.000000 0.000000
-114.220000 144.970000 -0.008765 0.000000 0.000000 0.000000 0.000000 0.000000 0.000000
-107.830000 144.970000 -0.039557 0.000000 0.000000 0.000000 0.000000 0.000000 0.000000
-107.830000 144.970000 -0.016704 0.000000 0.000000 0.000000 0.000000 0.000000 0.000000
-101.440000 144.970000 -0.047879 0.000000 0.000000 0.000000 0.000000 0.000000 0.000000
-101.440000 144.970000 -0.027724 0.000000 0.000000 0.000000 0.000000 0.000000 0.000000
-95.050000 144.970000 -0.053705 0.000000 0.000000 0.000000 0.000000 0.000000 0.000000
-95.050000 144.970000 -0.031569 0.000000 0.000000 0.000000 0.000000 0.000000 0.000000
-88.660000 144.970000 -0.057034 0.000000 0.000000 0.000000 0.000000 0.000000 0.000000
-88.660000 144.970000 -0.035580 0.000000 0.000000 0.000000 0.000000 0.000000 0.000000
-82.270000 144.970000 -0.056202 0.000000 0.000000 0.000000 0.000000 0.000000 0.000000
-82.270000 144.970000 -0.034365 0.000000 0.000000 0.000000 0.000000 0.000000 0.000000
-75.880000 144.970000 -0.054537 0.000000 0.000000 0.000000 0.000000 0.000000 0.000000
-75.880000 144.970000 -0.033832 0.000000 0.000000 0.000000 0.000000 0.000000 0.000000
-69.490000 144.970000 -0.047047 0.000000 0.000000 0.000000 0.000000 0.000000 0.000000
-69.490000 144.970000 -0.026192 0.000000 0.000000 0.000000 0.000000 0.000000 0.000000
-63.100000 144.970000 -0.027073 0.000000 0.000000 0.000000 0.000000 0.000000 0.000000
-63.100000 144.970000 -0.004853 0.000000 0.000000 0.000000 0.000000 0.000000 0.000000
-56.710000 144.970000 -0.009596 0.000000 0.000000 0.000000 0.000000 0.000000 0.000000
-56.710000 144.970000 0.010777 0.000000 0.000000 0.000000 0.000000 0.000000 0.000000
-50.320000 144.970000 -0.000441 0.000000 0.000000 0.000000 0.000000 0.000000 0.000000
-50.320000 144.970000 0.019815 0.000000 0.000000 0.000000 0.000000 0.000000 0.000000
-43.930000 144.970000 0.007050 0.000000 0.000000 0.000000 0.000000 0.000000 0.000000
-43.930000 144.970000 0.029352 0.000000 0.000000 0.000000 0.000000 0.000000 0.000000
-37.540000 144.970000 0.013708 0.000000 0.000000 0.000000 0.000000 0.000000 0.000000
-37.540000 144.970000 0.033530 0.000000 0.000000 0.000000 0.000000 0.000000 0.000000
-31.150000 144.970000 0.005385 0.000000 0.000000 0.000000 0.000000 0.000000 0.000000
-31.150000 144.970000 0.028420 0.000000 0.000000 0.000000 0.000000 0.000000 0.000000
-24.760000 144.970000 -0.003770 0.000000 0.000000 0.000000 0.000000 0.000000 0.000000
-24.760000 144.970000 0.018883 0.000000 0.000000 0.000000 0.000000 0.000000 0.000000
-18.370000 144.970000 0.000392 0.000000 0.000000 0.000000 0.000000 0.000000 0.000000
-18.370000 144.970000 0.022062 0.000000 0.000000 0.000000 0.000000 0.000000 0.000000
-11.980000 144.970000 0.005385 0.000000 0.000000 0.000000 0.000000 0.000000 0.000000
-11.980000 144.970000 0.026123 0.000000 0.000000 0.000000 0.000000 0.000000 0.000000
-5.590000 144.970000 0.027024 0.000000 0.000000 0.000000 0.000000 0.000000 0.000000
-5.590000 144.970000 0.046297 0.000000 0.000000 0.000000 0.000000 0.000000 0.000000
0.800000 144.970000 0.044501 0.000000 0.000000 0.000000 0.000000 0.000000 0.000000
0.800000 144.970000 0.067453 0.000000 0.000000 0.000000 0.000000 0.000000 0.000000
-127.000000 151.360000 -0.017086 0.000000 0.000000 0.000000 0.000000 0.000000 0.000000
-127.000000 151.360000 0.005883 0.000000 0.000000 0.000000 0.000000 0.000000 0.000000
-120.610000 151.360000 -0.019583 0.000000 0.000000 0.000000 0.000000 0.000000 0.000000
-120.610000 151.360000 0.003153 0.000000 0.000000 0.000000 0.000000 0.000000 0.000000
-114.220000 151.360000 -0.022079 0.000000 0.000000 0.000000 0.000000 0.000000 0.000000
-114.220000 151.360000 -0.000492 0.000000 0.000000 0.000000 0.000000 0.000000 0.000000
-107.830000 151.360000 -0.030402 0.000000 0.000000 0.000000 0.000000 0.000000 0.000000
-107.830000 151.360000 -0.009930 0.000000 0.000000 0.000000 0.000000 0.000000 0.000000
-101.440000 151.360000 -0.038724 0.000000 0.000000 0.000000 0.000000 0.000000 0.000000
-101.440000 151.360000 -0.018119 0.000000 0.000000 0.000000 0.000000 0.000000 0.000000
-95.050000 151.360000 -0.048711 0.000000 0.000000 0.000000 0.000000 0.000000 0.000000
-95.050000 151.360000 -0.026642 0.000000 0.000000 0.000000 0.000000 0.000000 0.000000
-88.660000 151.360000 -0.048711 0.000000 0.000000 0.000000 0.000000 0.000000 0.000000
-88.660000 151.360000 -0.027507 0.000000 0.000000 0.000000 0.000000 0.000000 0.000000
-82.270000 151.360000 -0.052040 0.000000 0.000000 0.000000 0.000000 0.000000 0.000000
-82.270000 151.360000 -0.031652 0.000000 0.000000 0.000000 0.000000 0.000000 0.000000
-75.880000 151.360000 -0.051208 0.000000 0.000000 0.000000 0.000000 0.000000 0.000000
-75.880000 151.360000 -0.029272 0.000000 0.000000 0.000000 0.000000 0.000000 0.000000
-69.490000 151.360000 -0.037060 0.000000 0.000000 0.000000 0.000000 0.000000 0.000000
-69.490000 151.360000 -0.017870 0.000000 0.000000 0.000000 0.000000 0.000000 0.000000
-63.100000 151.360000 -0.022079 0.000000 0.000000 0.000000 0.000000 0.000000 0.000000
-63.100000 151.360000 0.000823 0.000000 0.000000 0.000000 0.000000 0.000000 0.000000
-56.710000 151.360000 -0.008763 0.000000 0.000000 0.000000 0.000000 0.000000 0.000000
-56.710000 151.360000 0.012225 0.000000 0.000000 0.000000 0.000000 0.000000 0.000000
-50.320000 151.360000 0.002888 0.000000 0.000000 0.000000 0.000000 0.000000 0.000000
-50.320000 151.360000 0.023194 0.000000 0.000000 0.000000 0.000000 0.000000 0.000000
-43.930000 151.360000 0.009546 0.000000 0.000000 0.000000 0.000000 0.000000 0.000000
-43.930000 151.360000 0.029785 0.000000 0.000000 0.000000 0.000000 0.000000 0.000000
-37.540000 151.360000 0.008714 0.000000 0.000000 0.000000 0.000000 0.000000 0.000000
-37.540000 151.360000 0.031433 0.000000 0.000000 0.000000 0.000000 0.000000 0.000000
-31.150000 151.360000 0.010379 0.000000 0.000000 0.000000 0.000000 0.000000 0.000000
-31.150000 151.360000 0.030584 0.000000 0.000000 0.000000 0.000000 0.000000 0.000000
-24.760000 151.360000 -0.003770 0.000000 0.000000 0.000000 0.000000 0.000000 0.000000
-24.760000 151.360000 0.017501 0.000000 0.000000 0.000000 0.000000 0.000000 0.000000
-18.370000 151.360000 0.000392 0.000000 0.000000 0.000000 0.000000 0.000000 0.000000
-18.370000 151.360000 0.021429 0.000000 0.000000 0.000000 0.000000 0.000000 0.000000
-11.980000 151.360000 -0.002105 0.000000 0.000000 0.000000 0.000000 0.000000 0.000000
-11.980000 151.360000 0.020015 0.000000 0.000000 0.000000 0.000000 0.000000 0.000000
-5.590000 151.360000 0.020366 0.000000 0.000000 0.000000 0.000000 0.000000 0.000000
-5.590000 151.360000 0.042019 0.000000 0.000000 0.000000 0.000000 0.000000 0.000000
0.800000 151.360000 0.047830 0.000000 0.000000 0.000000 0.000000 0.000000 0.000000
0.800000 151.360000 0.068901 0.000000 0.000000 0.000000 0.000000 0.000000 0.000000
